   0.0000000e+00   0.0000000e+00   1.0000000e+06   2.9709108e+04
   3.0000000e-03   3.8375148e-05   1.0000000e+06   2.9709108e+04
   6.0000000e-03   7.6750295e-05   1.0000000e+06   2.9709108e+04
   9.0000000e-03   1.1512544e-04   1.0000000e+06   2.9709108e+04
   1.2000000e-02   1.5350058e-04   1.0000000e+06   2.9709108e+04
   1.5000000e-02   1.9187571e-04   1.0000000e+06   2.9709108e+04
   1.8000000e-02   2.3025083e-04   1.0000000e+06   2.9709108e+04
   2.1000000e-02   2.6862590e-04   9.9999999e+05   2.9709108e+04
   2.4000000e-02   3.0700091e-04   9.9999999e+05   2.9709108e+04
   2.7000000e-02   3.4537575e-04   9.9999998e+05   2.9709108e+04
   3.0000000e-02   3.8375029e-04   9.9999995e+05   2.9709108e+04
   3.3000000e-02   4.2212417e-04   9.9999990e+05   2.9709108e+04
   3.6000000e-02   4.6049672e-04   9.9999980e+05   2.9709108e+04
   3.9000000e-02   4.9886653e-04   9.9999960e+05   2.9709108e+04
   4.2000000e-02   5.3723075e-04   9.9999917e+05   2.9709108e+04
   4.5000000e-02   5.7558346e-04   9.9999831e+05   2.9709108e+04
   4.8000000e-02   6.1391260e-04   9.9999653e+05   2.9709108e+04
   5.1000000e-02   6.5219338e-04   9.9999288e+05   2.9709108e+04
   5.4000000e-02   6.9037497e-04   9.9998539e+05   2.9709108e+04
   5.7000000e-02   7.2835313e-04   9.9997003e+05   2.9709108e+04
   6.0000000e-02   7.6591402e-04   9.9993854e+05   2.9709108e+04
   6.3000000e-02   8.0261912e-04   9.9987395e+05   2.9709108e+04
   6.6000000e-02   8.3756899e-04   9.9974148e+05   2.9709108e+04
   6.9000000e-02   8.6891909e-04   9.9946984e+05   2.9709108e+04
   7.2000000e-02   8.9288706e-04   9.9891298e+05   2.9709108e+04
   7.5000000e-02   9.0171890e-04   9.9777197e+05   2.9709108e+04
   7.8000000e-02   8.7952678e-04   9.9543653e+05   2.9709108e+04
   8.1000000e-02   7.9379119e-04   9.9066667e+05   2.9709108e+04
   8.4000000e-02   5.7809474e-04   9.8096787e+05   2.9709108e+04
   8.7000000e-02   9.7387587e-05   9.6142461e+05   2.9709108e+04
   9.0000000e-02  -9.2045799e-04   9.2276587e+05   2.9709108e+04
   9.3000000e-02  -3.0137410e-03   8.4913041e+05   2.9709108e+04
   9.6000000e-02  -7.2077896e-03   7.1917662e+05   2.9709108e+04
   9.9000000e-02  -1.5312130e-02   5.2096630e+05   2.9709108e+04
   1.0200000e-01  -3.0086718e-02   2.8661712e+05   2.9709108e+04
   1.0500000e-01  -4.0884264e-02   1.8267943e+05   2.9709108e+04
   1.0800000e-01  -4.9152037e-02   1.2769789e+05   2.9709108e+04
   1.1100000e-01  -5.5655620e-02   9.5152581e+04   2.9709108e+04
   1.1400000e-01  -6.0848187e-02   7.4345547e+04   2.9709108e+04
   1.1700000e-01  -6.5019462e-02   6.0290373e+04   2.9709108e+04
   1.2000000e-01  -6.8365156e-02   5.0406285e+04   2.9709108e+04
   1.2300000e-01  -7.1022897e-02   4.3246263e+04   2.9709108e+04
   1.2600000e-01  -7.3092386e-02   3.7945173e+04   2.9709108e+04
   1.2900000e-01  -7.4647436e-02   3.3957009e+04   2.9709108e+04
   1.3200000e-01  -7.5743580e-02   3.0920350e+04   2.9709108e+04
   1.3500000e-01  -7.6423102e-02   2.8585646e+04   2.9709108e+04
   1.3800000e-01  -7.6718511e-02   2.6774496e+04   2.9709108e+04
   1.4100000e-01  -7.6655026e-02   2.5356308e+04   2.9709108e+04
   1.4400000e-01  -7.6252394e-02   2.4234403e+04   2.9709108e+04
   1.4700000e-01  -7.5526238e-02   2.3337052e+04   2.9709108e+04
   1.5000000e-01  -7.4489052e-02   2.2611112e+04   2.9709108e+04
   1.5300000e-01  -7.3150944e-02   2.2017214e+04   2.9709108e+04
   1.5600000e-01  -7.1520185e-02   2.1526102e+04   2.9709108e+04
   1.5900000e-01  -6.9603613e-02   2.1115892e+04   2.9709108e+04
   1.6200000e-01  -6.7406939e-02   2.0770074e+04   2.9709108e+04
   1.6500000e-01  -6.4934980e-02   2.0476056e+04   2.9709108e+04
   1.6800000e-01  -6.2191828e-02   2.0224137e+04   2.9709108e+04
   1.7100000e-01  -5.9180992e-02   2.0006756e+04   2.9709108e+04
   1.7400000e-01  -5.5905499e-02   1.9817963e+04   2.9709108e+04
   1.7700000e-01  -5.2367978e-02   1.9653021e+04   2.9709108e+04
   1.8000000e-01  -4.8570724e-02   1.9508131e+04   2.9709108e+04
   1.8300000e-01  -4.4515757e-02   1.9380214e+04   2.9709108e+04
   1.8600000e-01  -4.0204856e-02   1.9266756e+04   2.9709108e+04
   1.8900000e-01  -3.5639602e-02   1.9165688e+04   2.9709108e+04
   1.9200000e-01  -3.0821402e-02   1.9075296e+04   2.9709108e+04
   1.9500000e-01  -2.5751515e-02   1.8994150e+04   2.9709108e+04
   1.9800000e-01  -2.0431070e-02   1.8921048e+04   2.9709108e+04
   2.0100000e-01  -1.4861086e-02   1.8854979e+04   2.9709108e+04
   2.0400000e-01  -9.0424820e-03   1.8795080e+04   2.9709108e+04
   2.0700000e-01  -2.9760928e-03   1.8740620e+04   2.9709108e+04
   2.1000000e-01   3.3373235e-03   1.8690968e+04   2.9709108e+04
   2.1300000e-01   9.8970756e-03   1.8645583e+04   2.9709108e+04
   2.1600000e-01   1.6702531e-02   1.8603997e+04   2.9709108e+04
   2.1900000e-01   2.3753112e-02   1.8565805e+04   2.9709108e+04
   2.2200000e-01   3.1048286e-02   1.8530651e+04   2.9709108e+04
   2.2500000e-01   3.8587563e-02   1.8498227e+04   2.9709108e+04
   2.2800000e-01   4.6370492e-02   1.8468262e+04   2.9709108e+04
   2.3100000e-01   5.4396656e-02   1.8440515e+04   2.9709108e+04
   2.3400000e-01   6.2665668e-02   1.8414778e+04   2.9709108e+04
   2.3700000e-01   7.1177170e-02   1.8390862e+04   2.9709108e+04
   2.4000000e-01   7.9930829e-02   1.8368603e+04   2.9709108e+04
   2.4300000e-01   8.8926335e-02   1.8347852e+04   2.9709108e+04
   2.4600000e-01   9.8163399e-02   1.8328479e+04   2.9709108e+04
   2.4900000e-01   1.0764175e-01   1.8310366e+04   2.9709108e+04
   2.5200000e-01   1.1736114e-01   1.8293406e+04   2.9709108e+04
   2.5500000e-01   1.2732133e-01   1.8277506e+04   2.9709108e+04
   2.5800000e-01   1.3752210e-01   1.8262580e+04   2.9709108e+04
   2.6100000e-01   1.4796323e-01   1.8248551e+04   2.9709108e+04
   2.6400000e-01   1.5864455e-01   1.8235349e+04   2.9709108e+04
   2.6700000e-01   1.6956585e-01   1.8222912e+04   2.9709108e+04
   2.7000000e-01   1.8072698e-01   1.8211182e+04   2.9709108e+04
   2.7300000e-01   1.9212775e-01   1.8200106e+04   2.9709108e+04
   2.7600000e-01   2.0376803e-01   1.8189639e+04   2.9709108e+04
   2.7900000e-01   2.1564767e-01   1.8179736e+04   2.9709108e+04
   2.8200000e-01   2.2776652e-01   1.8170358e+04   2.9709108e+04
   2.8500000e-01   2.4012446e-01   1.8161470e+04   2.9709108e+04
   2.8800000e-01   2.5272136e-01   1.8153037e+04   2.9709108e+04
   2.9100000e-01   2.6555710e-01   1.8145029e+04   2.9709108e+04
   2.9400000e-01   2.7863159e-01   1.8137420e+04   2.9709108e+04
   2.9700000e-01   2.9194469e-01   1.8130182e+04   2.9709108e+04
   3.0000000e-01   3.0549633e-01   1.8123293e+04   2.9709108e+04
   3.0300000e-01   3.1928640e-01   1.8116731e+04   2.9709108e+04
   3.0600000e-01   3.3331480e-01   1.8110474e+04   2.9709108e+04
   3.0900000e-01   3.4758146e-01   1.8104506e+04   2.9709108e+04
   3.1200000e-01   3.6208629e-01   1.8098808e+04   2.9709108e+04
   3.1500000e-01   3.7682921e-01   1.8093365e+04   2.9709108e+04
   3.1800000e-01   3.9181014e-01   1.8088162e+04   2.9709108e+04
   3.2100000e-01   4.0702902e-01   1.8083185e+04   2.9709108e+04
   3.2400000e-01   4.2248577e-01   1.8078420e+04   2.9709108e+04
   3.2700000e-01   4.3818032e-01   1.8073858e+04   2.9709108e+04
   3.3000000e-01   4.5411262e-01   1.8069485e+04   2.9709108e+04
   3.3300000e-01   4.7028260e-01   1.8065292e+04   2.9709108e+04
   3.3600000e-01   4.8669020e-01   1.8061270e+04   2.9709108e+04
   3.3900000e-01   5.0333538e-01   1.8057408e+04   2.9709108e+04
   3.4200000e-01   5.2021806e-01   1.8053700e+04   2.9709108e+04
   3.4500000e-01   5.3733821e-01   1.8050136e+04   2.9709108e+04
   3.4800000e-01   5.5469577e-01   1.8046710e+04   2.9709108e+04
   3.5100000e-01   5.7229069e-01   1.8043414e+04   2.9709108e+04
   3.5400000e-01   5.9012294e-01   1.8040242e+04   2.9709108e+04
   3.5700000e-01   6.0819245e-01   1.8037188e+04   2.9709108e+04
   3.6000000e-01   6.2649920e-01   1.8034246e+04   2.9709108e+04
   3.6300000e-01   6.4504315e-01   1.8031411e+04   2.9709108e+04
   3.6600000e-01   6.6382424e-01   1.8028678e+04   2.9709108e+04
   3.6900000e-01   6.8284245e-01   1.8026042e+04   2.9709108e+04
   3.7200000e-01   7.0209773e-01   1.8023498e+04   2.9709108e+04
   3.7500000e-01   7.2159006e-01   1.8021042e+04   2.9709108e+04
   3.7800000e-01   7.4131939e-01   1.8018671e+04   2.9709108e+04
   3.8100000e-01   7.6128570e-01   1.8016379e+04   2.9709108e+04
   3.8400000e-01   7.8148895e-01   1.8014165e+04   2.9709108e+04
   3.8700000e-01   8.0192912e-01   1.8012024e+04   2.9709108e+04
   3.9000000e-01   8.2260616e-01   1.8009953e+04   2.9709108e+04
   3.9300000e-01   8.4352006e-01   1.8007950e+04   2.9709108e+04
   3.9600000e-01   8.6467078e-01   1.8006010e+04   2.9709108e+04
   3.9900000e-01   8.8605830e-01   1.8004133e+04   2.9709108e+04
   4.0200000e-01   9.0768260e-01   1.8002314e+04   2.9709108e+04
   4.0500000e-01   9.2954363e-01   1.8000552e+04   2.9709108e+04
   4.0800000e-01   9.5164140e-01   1.7998845e+04   2.9709108e+04
   4.1100000e-01   9.7397586e-01   1.7997189e+04   2.9709108e+04
   4.1400000e-01   9.9654699e-01   1.7995584e+04   2.9709108e+04
   4.1700000e-01   1.0193548e+00   1.7994026e+04   2.9709108e+04
   4.2000000e-01   1.0423992e+00   1.7992515e+04   2.9709108e+04
   4.2300000e-01   1.0656802e+00   1.7991048e+04   2.9709108e+04
   4.2600000e-01   1.0891979e+00   1.7989624e+04   2.9709108e+04
   4.2900000e-01   1.1129520e+00   1.7988240e+04   2.9709108e+04
   4.3200000e-01   1.1369428e+00   1.7986897e+04   2.9709108e+04
   4.3500000e-01   1.1611701e+00   1.7985591e+04   2.9709108e+04
   4.3800000e-01   1.1856338e+00   1.7984321e+04   2.9709108e+04
   4.4100000e-01   1.2103341e+00   1.7983087e+04   2.9709108e+04
   4.4400000e-01   1.2352709e+00   1.7981887e+04   2.9709108e+04
   4.4700000e-01   1.2604441e+00   1.7980720e+04   2.9709108e+04
   4.5000000e-01   1.2858538e+00   1.7979586e+04   2.9709108e+04
   4.5300000e-01   1.3114999e+00   1.7978484e+04   2.9709108e+04
   4.5600000e-01   1.3373824e+00   1.7977419e+04   2.9709108e+04
   4.5900000e-01   1.3635013e+00   1.7976402e+04   2.9709108e+04
   4.6200000e-01   1.3898566e+00   1.7975468e+04   2.9709108e+04
   4.6500000e-01   1.4164483e+00   1.7974717e+04   2.9709108e+04
   4.6800000e-01   1.4432763e+00   1.7974438e+04   2.9709108e+04
   4.7100000e-01   1.4703407e+00   1.7975464e+04   2.9709108e+04
   4.7400000e-01   1.4976415e+00   1.7980225e+04   2.9709108e+04
   4.7700000e-01   1.5251787e+00   1.7995860e+04   2.9709108e+04
   4.8000000e-01   1.5529526e+00   1.8043531e+04   2.9709108e+04
   4.8300000e-01   1.5809637e+00   1.8186532e+04   2.9709108e+04
   4.8600000e-01   1.6092142e+00   1.8615927e+04   2.9709108e+04
   4.8900000e-01   1.6377100e+00   1.9914107e+04   2.9709108e+04
   4.9200000e-01   1.6664692e+00   2.3876555e+04   2.9709108e+04
   4.9500000e-01   1.6955469e+00   3.6128966e+04   2.9709108e+04
   4.9800000e-01   1.7251137e+00   7.4849549e+04   2.9709108e+04
   5.0100000e-01   1.7557089e+00   2.0333315e+05   2.9709108e+04
   5.0400000e-01   1.7752109e+00   4.1149069e+05   2.9709108e+04
   5.0700000e-01   1.7865184e+00   6.2676076e+05   2.9709108e+04
   5.1000000e-01   1.7926287e+00   7.8847256e+05   2.9709108e+04
   5.1300000e-01   1.7957936e+00   8.8814432e+05   2.9709108e+04
   5.1600000e-01   1.7974010e+00   9.4309942e+05   2.9709108e+04
   5.1900000e-01   1.7982161e+00   9.7164115e+05   2.9709108e+04
   5.2200000e-01   1.7986363e+00   9.8601211e+05   2.9709108e+04
   5.2500000e-01   1.7988617e+00   9.9313601e+05   2.9709108e+04
   5.2800000e-01   1.7989916e+00   9.9664031e+05   2.9709108e+04
   5.3100000e-01   1.7990747e+00   9.9835759e+05   2.9709108e+04
   5.3400000e-01   1.7991349e+00   9.9919758e+05   2.9709108e+04
   5.3700000e-01   1.7991839e+00   9.9960809e+05   2.9709108e+04
   5.4000000e-01   1.7992275e+00   9.9980861e+05   2.9709108e+04
   5.4300000e-01   1.7992684e+00   9.9990654e+05   2.9709108e+04
   5.4600000e-01   1.7993081e+00   9.9995437e+05   2.9709108e+04
   5.4900000e-01   1.7993470e+00   9.9997772e+05   2.9709108e+04
   5.5200000e-01   1.7993857e+00   9.9998912e+05   2.9709108e+04
   5.5500000e-01   1.7994242e+00   9.9999469e+05   2.9709108e+04
   5.5800000e-01   1.7994627e+00   9.9999741e+05   2.9709108e+04
   5.6100000e-01   1.7995011e+00   9.9999873e+05   2.9709108e+04
   5.6400000e-01   1.7995395e+00   9.9999938e+05   2.9709108e+04
   5.6700000e-01   1.7995779e+00   9.9999970e+05   2.9709108e+04
   5.7000000e-01   1.7996162e+00   9.9999985e+05   2.9709108e+04
   5.7300000e-01   1.7996546e+00   9.9999993e+05   2.9709108e+04
   5.7600000e-01   1.7996930e+00   9.9999996e+05   2.9709108e+04
   5.7900000e-01   1.7997314e+00   9.9999998e+05   2.9709108e+04
   5.8200000e-01   1.7997697e+00   9.9999999e+05   2.9709108e+04
   5.8500000e-01   1.7998081e+00   1.0000000e+06   2.9709108e+04
   5.8800000e-01   1.7998465e+00   1.0000000e+06   2.9709108e+04
   5.9100000e-01   1.7998849e+00   1.0000000e+06   2.9709108e+04
   5.9400000e-01   1.7999232e+00   1.0000000e+06   2.9709108e+04
   5.9700000e-01   1.7999616e+00   1.0000000e+06   2.9709108e+04
   6.0000000e-01   1.8000000e+00   1.0000000e+06   2.9709108e+04
