   0.0000000e+00   0.0000000e+00   1.0000000e+06   2.2356594e+04
   3.0000000e-03   2.8875921e-05   1.0000000e+06   2.2356594e+04
   6.0000000e-03   5.7751841e-05   1.0000000e+06   2.2356594e+04
   9.0000000e-03   8.6627759e-05   1.0000000e+06   2.2356594e+04
   1.2000000e-02   1.1550367e-04   1.0000000e+06   2.2356594e+04
   1.5000000e-02   1.4437958e-04   1.0000000e+06   2.2356594e+04
   1.8000000e-02   1.7325546e-04   1.0000000e+06   2.2356594e+04
   2.1000000e-02   2.0213131e-04   9.9999999e+05   2.2356594e+04
   2.4000000e-02   2.3100709e-04   9.9999999e+05   2.2356594e+04
   2.7000000e-02   2.5988270e-04   9.9999998e+05   2.2356594e+04
   3.0000000e-02   2.8875799e-04   9.9999995e+05   2.2356594e+04
   3.3000000e-02   3.1763261e-04   9.9999990e+05   2.2356594e+04
   3.6000000e-02   3.4650587e-04   9.9999980e+05   2.2356594e+04
   3.9000000e-02   3.7537634e-04   9.9999959e+05   2.2356594e+04
   4.2000000e-02   4.0424107e-04   9.9999916e+05   2.2356594e+04
   4.5000000e-02   4.3309404e-04   9.9999827e+05   2.2356594e+04
   4.8000000e-02   4.6192288e-04   9.9999645e+05   2.2356594e+04
   5.1000000e-02   4.9070226e-04   9.9999271e+05   2.2356594e+04
   5.4000000e-02   5.1938020e-04   9.9998506e+05   2.2356594e+04
   5.7000000e-02   5.4785011e-04   9.9996936e+05   2.2356594e+04
   6.0000000e-02   5.7589338e-04   9.9993717e+05   2.2356594e+04
   6.3000000e-02   6.0306176e-04   9.9987115e+05   2.2356594e+04
   6.6000000e-02   6.2843598e-04   9.9973578e+05   2.2356594e+04
   6.9000000e-02   6.5013111e-04   9.9945824e+05   2.2356594e+04
   7.2000000e-02   6.6428250e-04   9.9888935e+05   2.2356594e+04
   7.5000000e-02   6.6296875e-04   9.9772391e+05   2.2356594e+04
   7.8000000e-02   6.2996184e-04   9.9533900e+05   2.2356594e+04
   8.1000000e-02   5.3205340e-04   9.9046962e+05   2.2356594e+04
   8.4000000e-02   3.0144028e-04   9.8057337e+05   2.2356594e+04
   8.7000000e-02  -1.9967660e-04   9.6064955e+05   2.2356594e+04
   9.0000000e-02  -1.2487242e-03   9.2130051e+05   2.2356594e+04
   9.3000000e-02  -3.3936134e-03   8.4656320e+05   2.2356594e+04
   9.6000000e-02  -7.6750150e-03   7.1527961e+05   2.2356594e+04
   9.9000000e-02  -1.5920972e-02   5.1644491e+05   2.2356594e+04
   1.0200000e-01  -3.0900134e-02   2.8365350e+05   2.2356594e+04
   1.0500000e-01  -4.1943521e-02   1.8041953e+05   2.2356594e+04
   1.0800000e-01  -5.0488602e-02   1.2581115e+05   2.2356594e+04
   1.1100000e-01  -5.7295765e-02   9.3466331e+04   2.2356594e+04
   1.1400000e-01  -6.2815392e-02   7.2750961e+04   2.2356594e+04
   1.1700000e-01  -6.7335931e-02   5.8710031e+04   2.2356594e+04
   1.2000000e-01  -7.1052894e-02   4.8780755e+04   2.2356594e+04
   1.2300000e-01  -7.4104539e-02   4.1528068e+04   2.2356594e+04
   1.2600000e-01  -7.6591856e-02   3.6096239e+04   2.2356594e+04
   1.2900000e-01  -7.8590480e-02   3.1947996e+04   2.2356594e+04
   1.3200000e-01  -8.0158172e-02   2.8730956e+04   2.2356594e+04
   1.3500000e-01  -8.1339727e-02   2.6205064e+04   2.2356594e+04
   1.3800000e-01  -8.2170318e-02   2.4201270e+04   2.2356594e+04
   1.4100000e-01  -8.2677845e-02   2.2597116e+04   2.2356594e+04
   1.4400000e-01  -8.2884646e-02   2.1301880e+04   2.2356594e+04
   1.4700000e-01  -8.2808756e-02   2.0247254e+04   2.2356594e+04
   1.5000000e-01  -8.2464860e-02   1.9381274e+04   2.2356594e+04
   1.5300000e-01  -8.1865015e-02   1.8664161e+04   2.2356594e+04
   1.5600000e-01  -8.1019209e-02   1.8065336e+04   2.2356594e+04
   1.5900000e-01  -7.9935778e-02   1.7561198e+04   2.2356594e+04
   1.6200000e-01  -7.8621743e-02   1.7133449e+04   2.2356594e+04
   1.6500000e-01  -7.7083059e-02   1.6767823e+04   2.2356594e+04
   1.6800000e-01  -7.5324818e-02   1.6453123e+04   2.2356594e+04
   1.7100000e-01  -7.3351402e-02   1.6180497e+04   2.2356594e+04
   1.7400000e-01  -7.1166607e-02   1.5942896e+04   2.2356594e+04
   1.7700000e-01  -6.8773742e-02   1.5734661e+04   2.2356594e+04
   1.8000000e-01  -6.6175705e-02   1.5551215e+04   2.2356594e+04
   1.8300000e-01  -6.3375052e-02   1.5388826e+04   2.2356594e+04
   1.8600000e-01  -6.0374043e-02   1.5244434e+04   2.2356594e+04
   1.8900000e-01  -5.7174690e-02   1.5115509e+04   2.2356594e+04
   1.9200000e-01  -5.3778786e-02   1.4999945e+04   2.2356594e+04
   1.9500000e-01  -5.0187942e-02   1.4895982e+04   2.2356594e+04
   1.9800000e-01  -4.6403605e-02   1.4802136e+04   2.2356594e+04
   2.0100000e-01  -4.2427082e-02   1.4717153e+04   2.2356594e+04
   2.0400000e-01  -3.8259557e-02   1.4639964e+04   2.2356594e+04
   2.0700000e-01  -3.3902103e-02   1.4569657e+04   2.2356594e+04
   2.1000000e-01  -2.9355700e-02   1.4505448e+04   2.2356594e+04
   2.1300000e-01  -2.4621241e-02   1.4446660e+04   2.2356594e+04
   2.1600000e-01  -1.9699547e-02   1.4392707e+04   2.2356594e+04
   2.1900000e-01  -1.4591367e-02   1.4343080e+04   2.2356594e+04
   2.2200000e-01  -9.2973937e-03   1.4297334e+04   2.2356594e+04
   2.2500000e-01  -3.8182628e-03   1.4255080e+04   2.2356594e+04
   2.2800000e-01   1.8454368e-03   1.4215976e+04   2.2356594e+04
   2.3100000e-01   7.6931608e-03   1.4179720e+04   2.2356594e+04
   2.3400000e-01   1.3724404e-02   1.4146045e+04   2.2356594e+04
   2.3700000e-01   1.9938698e-02   1.4114715e+04   2.2356594e+04
   2.4000000e-01   2.6335606e-02   1.4085520e+04   2.2356594e+04
   2.4300000e-01   3.2914722e-02   1.4058273e+04   2.2356594e+04
   2.4600000e-01   3.9675667e-02   1.4032805e+04   2.2356594e+04
   2.4900000e-01   4.6618085e-02   1.4008968e+04   2.2356594e+04
   2.5200000e-01   5.3741644e-02   1.3986626e+04   2.2356594e+04
   2.5500000e-01   6.1046035e-02   1.3965659e+04   2.2356594e+04
   2.5800000e-01   6.8530964e-02   1.3945957e+04   2.2356594e+04
   2.6100000e-01   7.6196158e-02   1.3927422e+04   2.2356594e+04
   2.6400000e-01   8.4041358e-02   1.3909963e+04   2.2356594e+04
   2.6700000e-01   9.2066322e-02   1.3893501e+04   2.2356594e+04
   2.7000000e-01   1.0027082e-01   1.3877962e+04   2.2356594e+04
   2.7300000e-01   1.0865463e-01   1.3863278e+04   2.2356594e+04
   2.7600000e-01   1.1721756e-01   1.3849389e+04   2.2356594e+04
   2.7900000e-01   1.2595941e-01   1.3836239e+04   2.2356594e+04
   2.8200000e-01   1.3488000e-01   1.3823777e+04   2.2356594e+04
   2.8500000e-01   1.4397914e-01   1.3811956e+04   2.2356594e+04
   2.8800000e-01   1.5325669e-01   1.3800734e+04   2.2356594e+04
   2.9100000e-01   1.6271248e-01   1.3790070e+04   2.2356594e+04
   2.9400000e-01   1.7234636e-01   1.3779929e+04   2.2356594e+04
   2.9700000e-01   1.8215820e-01   1.3770278e+04   2.2356594e+04
   3.0000000e-01   1.9214785e-01   1.3761086e+04   2.2356594e+04
   3.0300000e-01   2.0231519e-01   1.3752324e+04   2.2356594e+04
   3.0600000e-01   2.1266010e-01   1.3743967e+04   2.2356594e+04
   3.0900000e-01   2.2318247e-01   1.3735989e+04   2.2356594e+04
   3.1200000e-01   2.3388217e-01   1.3728369e+04   2.2356594e+04
   3.1500000e-01   2.4475911e-01   1.3721085e+04   2.2356594e+04
   3.1800000e-01   2.5581318e-01   1.3714119e+04   2.2356594e+04
   3.2100000e-01   2.6704429e-01   1.3707452e+04   2.2356594e+04
   3.2400000e-01   2.7845234e-01   1.3701067e+04   2.2356594e+04
   3.2700000e-01   2.9003725e-01   1.3694949e+04   2.2356594e+04
   3.3000000e-01   3.0179893e-01   1.3689084e+04   2.2356594e+04
   3.3300000e-01   3.1373729e-01   1.3683457e+04   2.2356594e+04
   3.3600000e-01   3.2585226e-01   1.3678056e+04   2.2356594e+04
   3.3900000e-01   3.3814377e-01   1.3672869e+04   2.2356594e+04
   3.4200000e-01   3.5061174e-01   1.3667885e+04   2.2356594e+04
   3.4500000e-01   3.6325610e-01   1.3663094e+04   2.2356594e+04
   3.4800000e-01   3.7607679e-01   1.3658486e+04   2.2356594e+04
   3.5100000e-01   3.8907373e-01   1.3654052e+04   2.2356594e+04
   3.5400000e-01   4.0224688e-01   1.3649783e+04   2.2356594e+04
   3.5700000e-01   4.1559617e-01   1.3645671e+04   2.2356594e+04
   3.6000000e-01   4.2912154e-01   1.3641709e+04   2.2356594e+04
   3.6300000e-01   4.4282294e-01   1.3637889e+04   2.2356594e+04
   3.6600000e-01   4.5670032e-01   1.3634205e+04   2.2356594e+04
   3.6900000e-01   4.7075361e-01   1.3630650e+04   2.2356594e+04
   3.7200000e-01   4.8498279e-01   1.3627219e+04   2.2356594e+04
   3.7500000e-01   4.9938778e-01   1.3623906e+04   2.2356594e+04
   3.7800000e-01   5.1396856e-01   1.3620705e+04   2.2356594e+04
   3.8100000e-01   5.2872508e-01   1.3617612e+04   2.2356594e+04
   3.8400000e-01   5.4365728e-01   1.3614622e+04   2.2356594e+04
   3.8700000e-01   5.5876514e-01   1.3611730e+04   2.2356594e+04
   3.9000000e-01   5.7404861e-01   1.3608932e+04   2.2356594e+04
   3.9300000e-01   5.8950765e-01   1.3606224e+04   2.2356594e+04
   3.9600000e-01   6.0514222e-01   1.3603602e+04   2.2356594e+04
   3.9900000e-01   6.2095229e-01   1.3601063e+04   2.2356594e+04
   4.0200000e-01   6.3693782e-01   1.3598604e+04   2.2356594e+04
   4.0500000e-01   6.5309878e-01   1.3596220e+04   2.2356594e+04
   4.0800000e-01   6.6943514e-01   1.3593909e+04   2.2356594e+04
   4.1100000e-01   6.8594685e-01   1.3591668e+04   2.2356594e+04
   4.1400000e-01   7.0263390e-01   1.3589495e+04   2.2356594e+04
   4.1700000e-01   7.1949625e-01   1.3587386e+04   2.2356594e+04
   4.2000000e-01   7.3653387e-01   1.3585339e+04   2.2356594e+04
   4.2300000e-01   7.5374673e-01   1.3583352e+04   2.2356594e+04
   4.2600000e-01   7.7113481e-01   1.3581422e+04   2.2356594e+04
   4.2900000e-01   7.8869808e-01   1.3579549e+04   2.2356594e+04
   4.3200000e-01   8.0643651e-01   1.3577730e+04   2.2356594e+04
   4.3500000e-01   8.2435008e-01   1.3575964e+04   2.2356594e+04
   4.3800000e-01   8.4243876e-01   1.3574254e+04   2.2356594e+04
   4.4100000e-01   8.6070253e-01   1.3572602e+04   2.2356594e+04
   4.4400000e-01   8.7914136e-01   1.3571019e+04   2.2356594e+04
   4.4700000e-01   8.9775524e-01   1.3569528e+04   2.2356594e+04
   4.5000000e-01   9.1654414e-01   1.3568182e+04   2.2356594e+04
   4.5300000e-01   9.3550804e-01   1.3567089e+04   2.2356594e+04
   4.5600000e-01   9.5464694e-01   1.3566489e+04   2.2356594e+04
   4.5900000e-01   9.7396081e-01   1.3566891e+04   2.2356594e+04
   4.6200000e-01   9.9344967e-01   1.3569402e+04   2.2356594e+04
   4.6500000e-01   1.0131136e+00   1.3576430e+04   2.2356594e+04
   4.6800000e-01   1.0329526e+00   1.3593245e+04   2.2356594e+04
   4.7100000e-01   1.0529669e+00   1.3631464e+04   2.2356594e+04
   4.7400000e-01   1.0731571e+00   1.3716854e+04   2.2356594e+04
   4.7700000e-01   1.0935245e+00   1.3906967e+04   2.2356594e+04
   4.8000000e-01   1.1140715e+00   1.4331249e+04   2.2356594e+04
   4.8300000e-01   1.1348042e+00   1.5283133e+04   2.2356594e+04
   4.8600000e-01   1.1557357e+00   1.7433967e+04   2.2356594e+04
   4.8900000e-01   1.1768961e+00   2.2339162e+04   2.2356594e+04
   4.9200000e-01   1.1983536e+00   3.3675025e+04   2.2356594e+04
   4.9500000e-01   1.2202661e+00   6.0452482e+04   2.2356594e+04
   4.9800000e-01   1.2430064e+00   1.2641146e+05   2.2356594e+04
   5.0100000e-01   1.2674930e+00   3.0406974e+05   2.2356594e+04
   5.0400000e-01   1.2822893e+00   5.2786866e+05   2.2356594e+04
   5.0700000e-01   1.2905113e+00   7.1988879e+05   2.2356594e+04
   5.1000000e-01   1.2948330e+00   8.4788088e+05   2.2356594e+04
   5.1300000e-01   1.2970366e+00   9.2150535e+05   2.2356594e+04
   5.1600000e-01   1.2981471e+00   9.6059415e+05   2.2356594e+04
   5.1900000e-01   1.2987090e+00   9.8049474e+05   2.2356594e+04
   5.2200000e-01   1.2989992e+00   9.9041306e+05   2.2356594e+04
   5.2500000e-01   1.2991560e+00   9.9530434e+05   2.2356594e+04
   5.2800000e-01   1.2992473e+00   9.9770400e+05   2.2356594e+04
   5.3100000e-01   1.2993067e+00   9.9887828e+05   2.2356594e+04
   5.3400000e-01   1.2993505e+00   9.9945220e+05   2.2356594e+04
   5.3700000e-01   1.2993867e+00   9.9973253e+05   2.2356594e+04
   5.4000000e-01   1.2994191e+00   9.9986942e+05   2.2356594e+04
   5.4300000e-01   1.2994497e+00   9.9993625e+05   2.2356594e+04
   5.4600000e-01   1.2994794e+00   9.9996888e+05   2.2356594e+04
   5.4900000e-01   1.2995087e+00   9.9998481e+05   2.2356594e+04
   5.5200000e-01   1.2995378e+00   9.9999258e+05   2.2356594e+04
   5.5500000e-01   1.2995668e+00   9.9999638e+05   2.2356594e+04
   5.5800000e-01   1.2995957e+00   9.9999823e+05   2.2356594e+04
   5.6100000e-01   1.2996246e+00   9.9999914e+05   2.2356594e+04
   5.6400000e-01   1.2996535e+00   9.9999958e+05   2.2356594e+04
   5.6700000e-01   1.2996824e+00   9.9999979e+05   2.2356594e+04
   5.7000000e-01   1.2997112e+00   9.9999990e+05   2.2356594e+04
   5.7300000e-01   1.2997401e+00   9.9999995e+05   2.2356594e+04
   5.7600000e-01   1.2997690e+00   9.9999998e+05   2.2356594e+04
   5.7900000e-01   1.2997979e+00   9.9999999e+05   2.2356594e+04
   5.8200000e-01   1.2998267e+00   9.9999999e+05   2.2356594e+04
   5.8500000e-01   1.2998556e+00   1.0000000e+06   2.2356594e+04
   5.8800000e-01   1.2998845e+00   1.0000000e+06   2.2356594e+04
   5.9100000e-01   1.2999134e+00   1.0000000e+06   2.2356594e+04
   5.9400000e-01   1.2999422e+00   1.0000000e+06   2.2356594e+04
   5.9700000e-01   1.2999711e+00   1.0000000e+06   2.2356594e+04
   6.0000000e-01   1.3000000e+00   1.0000000e+06   2.2356594e+04
