   0.0000000e+00   0.0000000e+00   1.0000000e+06   3.4298994e+03
   5.0000000e-03   7.3826922e-06   1.0000000e+06   3.4298994e+03
   1.0000000e-02   1.4765374e-05   1.0000000e+06   3.4298994e+03
   1.5000000e-02   2.2148018e-05   1.0000000e+06   3.4298994e+03
   2.0000000e-02   2.9530542e-05   9.9999999e+05   3.4298994e+03
   2.5000000e-02   3.6912686e-05   9.9999997e+05   3.4298994e+03
   3.0000000e-02   4.4293618e-05   9.9999990e+05   3.4298994e+03
   3.5000000e-02   5.1670701e-05   9.9999968e+05   3.4298994e+03
   4.0000000e-02   5.9035542e-05   9.9999899e+05   3.4298994e+03
   4.5000000e-02   6.6361465e-05   9.9999680e+05   3.4298994e+03
   5.0000000e-02   7.3563661e-05   9.9998983e+05   3.4298994e+03
   5.5000000e-02   8.0372495e-05   9.9996767e+05   3.4298994e+03
   6.0000000e-02   8.5930749e-05   9.9989721e+05   3.4298994e+03
   6.5000000e-02   8.7513261e-05   9.9967325e+05   3.4298994e+03
   7.0000000e-02   7.6457597e-05   9.9896164e+05   3.4298994e+03
   7.5000000e-02   2.5239306e-05   9.9670331e+05   3.4298994e+03
   8.0000000e-02  -1.5349111e-04   9.8956453e+05   3.4298994e+03
   8.5000000e-02  -7.3585342e-04   9.6727683e+05   3.4298994e+03
   9.0000000e-02  -2.5839097e-03   9.0035324e+05   3.4298994e+03
   9.5000000e-02  -8.2861868e-03   7.2194884e+05   3.4298994e+03
   1.0000000e-01  -2.4743159e-02   3.8143623e+05   3.4298994e+03
   1.0500000e-01  -4.5805379e-02   1.6797292e+05   3.4298994e+03
   1.1000000e-01  -6.0409281e-02   9.4660503e+04   3.4298994e+03
   1.1500000e-01  -7.1390503e-02   6.1197357e+04   3.4298994e+03
   1.2000000e-01  -8.0043362e-02   4.3181270e+04   3.4298994e+03
   1.2500000e-01  -8.7064699e-02   3.2376641e+04   3.4298994e+03
   1.3000000e-01  -9.2872424e-02   2.5385308e+04   3.4298994e+03
   1.3500000e-01  -9.7736953e-02   2.0599110e+04   3.4298994e+03
   1.4000000e-01  -1.0184341e-01   1.7177029e+04   3.4298994e+03
   1.4500000e-01  -1.0532416e-01   1.4644402e+04   3.4298994e+03
   1.5000000e-01  -1.0827716e-01   1.2716725e+04   3.4298994e+03
   1.5500000e-01  -1.1077697e-01   1.1214959e+04   3.4298994e+03
   1.6000000e-01  -1.1288168e-01   1.0021814e+04   3.4298994e+03
   1.6500000e-01  -1.1463744e-01   9.0578082e+03   3.4298994e+03
   1.7000000e-01  -1.1608153e-01   8.2675176e+03   3.4298994e+03
   1.7500000e-01  -1.1724451e-01   7.6113240e+03   3.4298994e+03
   1.8000000e-01  -1.1815179e-01   7.0602951e+03   3.4298994e+03
   1.8500000e-01  -1.1882465e-01   6.5929015e+03   3.4298994e+03
   1.9000000e-01  -1.1928119e-01   6.1928544e+03   3.4298994e+03
   1.9500000e-01  -1.1953688e-01   5.8476469e+03   3.4298994e+03
   2.0000000e-01  -1.1960506e-01   5.5475479e+03   3.4298994e+03
   2.0500000e-01  -1.1949735e-01   5.2848949e+03   3.4298994e+03
   2.1000000e-01  -1.1922391e-01   5.0535890e+03   3.4298994e+03
   2.1500000e-01  -1.1879367e-01   4.8487272e+03   3.4298994e+03
   2.2000000e-01  -1.1821458e-01   4.6663320e+03   3.4298994e+03
   2.2500000e-01  -1.1749367e-01   4.5031499e+03   3.4298994e+03
   2.3000000e-01  -1.1663727e-01   4.3564989e+03   3.4298994e+03
   2.3500000e-01  -1.1565104e-01   4.2241518e+03   3.4298994e+03
   2.4000000e-01  -1.1454010e-01   4.1042474e+03   3.4298994e+03
   2.4500000e-01  -1.1330910e-01   3.9952199e+03   3.4298994e+03
   2.5000000e-01  -1.1196224e-01   3.8957449e+03   3.4298994e+03
   2.5500000e-01  -1.1050338e-01   3.8046955e+03   3.4298994e+03
   2.6000000e-01  -1.0893604e-01   3.7211083e+03   3.4298994e+03
   2.6500000e-01  -1.0726344e-01   3.6441555e+03   3.4298994e+03
   2.7000000e-01  -1.0548858e-01   3.5731227e+03   3.4298994e+03
   2.7500000e-01  -1.0361419e-01   3.5073905e+03   3.4298994e+03
   2.8000000e-01  -1.0164282e-01   3.4464196e+03   3.4298994e+03
   2.8500000e-01  -9.9576819e-02   3.3897389e+03   3.4298994e+03
   2.9000000e-01  -9.7418389e-02   3.3369351e+03   3.4298994e+03
   2.9500000e-01  -9.5169568e-02   3.2876447e+03   3.4298994e+03
   3.0000000e-01  -9.2832265e-02   3.2415463e+03   3.4298994e+03
   3.0500000e-01  -9.0408261e-02   3.1983555e+03   3.4298994e+03
   3.1000000e-01  -8.7899227e-02   3.1578195e+03   3.4298994e+03
   3.1500000e-01  -8.5306732e-02   3.1197128e+03   3.4298994e+03
   3.2000000e-01  -8.2632248e-02   3.0838342e+03   3.4298994e+03
   3.2500000e-01  -7.9877164e-02   3.0500032e+03   3.4298994e+03
   3.3000000e-01  -7.7042788e-02   3.0180578e+03   3.4298994e+03
   3.3500000e-01  -7.4130356e-02   2.9878521e+03   3.4298994e+03
   3.4000000e-01  -7.1141037e-02   2.9592544e+03   3.4298994e+03
   3.4500000e-01  -6.8075935e-02   2.9321456e+03   3.4298994e+03
   3.5000000e-01  -6.4936101e-02   2.9064176e+03   3.4298994e+03
   3.5500000e-01  -6.1722529e-02   2.8819724e+03   3.4298994e+03
   3.6000000e-01  -5.8436164e-02   2.8587207e+03   3.4298994e+03
   3.6500000e-01  -5.5077905e-02   2.8365811e+03   3.4298994e+03
   3.7000000e-01  -5.1648611e-02   2.8154792e+03   3.4298994e+03
   3.7500000e-01  -4.8149095e-02   2.7953470e+03   3.4298994e+03
   3.8000000e-01  -4.4580137e-02   2.7761221e+03   3.4298994e+03
   3.8500000e-01  -4.0942482e-02   2.7577471e+03   3.4298994e+03
   3.9000000e-01  -3.7236838e-02   2.7401694e+03   3.4298994e+03
   3.9500000e-01  -3.3463887e-02   2.7233404e+03   3.4298994e+03
   4.0000000e-01  -2.9624279e-02   2.7072154e+03   3.4298994e+03
   4.0500000e-01  -2.5718638e-02   2.6917530e+03   3.4298994e+03
   4.1000000e-01  -2.1747562e-02   2.6769150e+03   3.4298994e+03
   4.1500000e-01  -1.7711625e-02   2.6626658e+03   3.4298994e+03
   4.2000000e-01  -1.3611377e-02   2.6489727e+03   3.4298994e+03
   4.2500000e-01  -9.4473499e-03   2.6358050e+03   3.4298994e+03
   4.3000000e-01  -5.2200513e-03   2.6231345e+03   3.4298994e+03
   4.3500000e-01  -9.2997177e-04   2.6109346e+03   3.4298994e+03
   4.4000000e-01   3.4224168e-03   2.5991807e+03   3.4298994e+03
   4.4500000e-01   7.8366599e-03   2.5878500e+03   3.4298994e+03
   4.5000000e-01   1.2312319e-02   2.5769208e+03   3.4298994e+03
   4.5500000e-01   1.6848972e-02   2.5663732e+03   3.4298994e+03
   4.6000000e-01   2.1446210e-02   2.5561884e+03   3.4298994e+03
   4.6500000e-01   2.6103640e-02   2.5463488e+03   3.4298994e+03
   4.7000000e-01   3.0820880e-02   2.5368378e+03   3.4298994e+03
   4.7500000e-01   3.5597564e-02   2.5276400e+03   3.4298994e+03
   4.8000000e-01   4.0433335e-02   2.5187408e+03   3.4298994e+03
   4.8500000e-01   4.5327850e-02   2.5101266e+03   3.4298994e+03
   4.9000000e-01   5.0280774e-02   2.5017845e+03   3.4298994e+03
   4.9500000e-01   5.5291785e-02   2.4937023e+03   3.4298994e+03
   5.0000000e-01   6.0360572e-02   2.4858687e+03   3.4298994e+03
   5.0500000e-01   6.5486829e-02   2.4782728e+03   3.4298994e+03
   5.1000000e-01   7.0670265e-02   2.4709044e+03   3.4298994e+03
   5.1500000e-01   7.5910594e-02   2.4637540e+03   3.4298994e+03
   5.2000000e-01   8.1207538e-02   2.4568125e+03   3.4298994e+03
   5.2500000e-01   8.6560831e-02   2.4500711e+03   3.4298994e+03
   5.3000000e-01   9.1970211e-02   2.4435219e+03   3.4298994e+03
   5.3500000e-01   9.7435424e-02   2.4371570e+03   3.4298994e+03
   5.4000000e-01   1.0295623e-01   2.4309692e+03   3.4298994e+03
   5.4500000e-01   1.0853237e-01   2.4249514e+03   3.4298994e+03
   5.5000000e-01   1.1416364e-01   2.4190972e+03   3.4298994e+03
   5.5500000e-01   1.1984979e-01   2.4134002e+03   3.4298994e+03
   5.6000000e-01   1.2559062e-01   2.4078545e+03   3.4298994e+03
   5.6500000e-01   1.3138589e-01   2.4024545e+03   3.4298994e+03
   5.7000000e-01   1.3723541e-01   2.3971946e+03   3.4298994e+03
   5.7500000e-01   1.4313898e-01   2.3920699e+03   3.4298994e+03
   5.8000000e-01   1.4909639e-01   2.3870754e+03   3.4298994e+03
   5.8500000e-01   1.5510744e-01   2.3822065e+03   3.4298994e+03
   5.9000000e-01   1.6117196e-01   2.3774588e+03   3.4298994e+03
   5.9500000e-01   1.6728976e-01   2.3728279e+03   3.4298994e+03
   6.0000000e-01   1.7346066e-01   2.3683099e+03   3.4298994e+03
   6.0500000e-01   1.7968448e-01   2.3639010e+03   3.4298994e+03
   6.1000000e-01   1.8596106e-01   2.3595974e+03   3.4298994e+03
   6.1500000e-01   1.9229022e-01   2.3553957e+03   3.4298994e+03
   6.2000000e-01   1.9867181e-01   2.3512925e+03   3.4298994e+03
   6.2500000e-01   2.0510567e-01   2.3472847e+03   3.4298994e+03
   6.3000000e-01   2.1159164e-01   2.3433692e+03   3.4298994e+03
   6.3500000e-01   2.1812956e-01   2.3395431e+03   3.4298994e+03
   6.4000000e-01   2.2471930e-01   2.3358038e+03   3.4298994e+03
   6.4500000e-01   2.3136071e-01   2.3321486e+03   3.4298994e+03
   6.5000000e-01   2.3805364e-01   2.3285752e+03   3.4298994e+03
   6.5500000e-01   2.4479796e-01   2.3250814e+03   3.4298994e+03
   6.6000000e-01   2.5159353e-01   2.3216651e+03   3.4298994e+03
   6.6500000e-01   2.5844023e-01   2.3183245e+03   3.4298994e+03
   6.7000000e-01   2.6533791e-01   2.3150581e+03   3.4298994e+03
   6.7500000e-01   2.7228646e-01   2.3118645e+03   3.4298994e+03
   6.8000000e-01   2.7928575e-01   2.3087431e+03   3.4298994e+03
   6.8500000e-01   2.8633566e-01   2.3056933e+03   3.4298994e+03
   6.9000000e-01   2.9343608e-01   2.3027154e+03   3.4298994e+03
   6.9500000e-01   3.0058688e-01   2.2998104e+03   3.4298994e+03
   7.0000000e-01   3.0778795e-01   2.2969804e+03   3.4298994e+03
   7.0500000e-01   3.1503920e-01   2.2942290e+03   3.4298994e+03
   7.1000000e-01   3.2234050e-01   2.2915613e+03   3.4298994e+03
   7.1500000e-01   3.2969176e-01   2.2889855e+03   3.4298994e+03
   7.2000000e-01   3.3709287e-01   2.2865126e+03   3.4298994e+03
   7.2500000e-01   3.4454375e-01   2.2841588e+03   3.4298994e+03
   7.3000000e-01   3.5204429e-01   2.2819462e+03   3.4298994e+03
   7.3500000e-01   3.5959442e-01   2.2799058e+03   3.4298994e+03
   7.4000000e-01   3.6719405e-01   2.2780803e+03   3.4298994e+03
   7.4500000e-01   3.7484312e-01   2.2765286e+03   3.4298994e+03
   7.5000000e-01   3.8254157e-01   2.2753320e+03   3.4298994e+03
   7.5500000e-01   3.9028934e-01   2.2746024e+03   3.4298994e+03
   7.6000000e-01   3.9808641e-01   2.2744945e+03   3.4298994e+03
   7.6500000e-01   4.0593278e-01   2.2752213e+03   3.4298994e+03
   7.7000000e-01   4.1382847e-01   2.2770775e+03   3.4298994e+03
   7.7500000e-01   4.2177356e-01   2.2804708e+03   3.4298994e+03
   7.8000000e-01   4.2976817e-01   2.2859662e+03   3.4298994e+03
   7.8500000e-01   4.3781253e-01   2.2943482e+03   3.4298994e+03
   7.9000000e-01   4.4590695e-01   2.3067078e+03   3.4298994e+03
   7.9500000e-01   4.5405191e-01   2.3245658e+03   3.4298994e+03
   8.0000000e-01   4.6224810e-01   2.3500462e+03   3.4298994e+03
   8.0500000e-01   4.7049651e-01   2.3861225e+03   3.4298994e+03
   8.1000000e-01   4.7879854e-01   2.4369692e+03   3.4298994e+03
   8.1500000e-01   4.8715614e-01   2.5084643e+03   3.4298994e+03
   8.2000000e-01   4.9557210e-01   2.6089140e+03   3.4298994e+03
   8.2500000e-01   5.0405028e-01   2.7501058e+03   3.4298994e+03
   8.3000000e-01   5.1259615e-01   2.9488553e+03   3.4298994e+03
   8.3500000e-01   5.2121740e-01   3.2293084e+03   3.4298994e+03
   8.4000000e-01   5.2992489e-01   3.6264267e+03   3.4298994e+03
   8.4500000e-01   5.3873395e-01   4.1913824e+03   3.4298994e+03
   8.5000000e-01   5.4766646e-01   5.0001419e+03   3.4298994e+03
   8.5500000e-01   5.5675369e-01   6.1676005e+03   3.4298994e+03
   8.6000000e-01   5.6604079e-01   7.8718644e+03   3.4298994e+03
   8.6500000e-01   5.7559369e-01   1.0398156e+04   3.4298994e+03
   8.7000000e-01   5.8551010e-01   1.4223247e+04   3.4298994e+03
   8.7500000e-01   5.9593797e-01   2.0190399e+04   3.4298994e+03
   8.8000000e-01   6.0710810e-01   2.9906594e+04   3.4298994e+03
   8.8500000e-01   6.1939631e-01   4.6755910e+04   3.4298994e+03
   8.9000000e-01   6.3345430e-01   7.8918492e+04   3.4298994e+03
   8.9500000e-01   6.5052608e-01   1.5058800e+05   3.4298994e+03
   9.0000000e-01   6.7338376e-01   3.6100763e+05   3.4298994e+03
   9.0500000e-01   6.9084604e-01   7.0644526e+05   3.4298994e+03
   9.1000000e-01   6.9695395e-01   8.9369090e+05   3.4298994e+03
   9.1500000e-01   6.9894996e-01   9.6494788e+05   3.4298994e+03
   9.2000000e-01   6.9959019e-01   9.8880483e+05   3.4298994e+03
   9.2500000e-01   6.9979741e-01   9.9646091e+05   3.4298994e+03
   9.3000000e-01   6.9986774e-01   9.9888483e+05   3.4298994e+03
   9.3500000e-01   6.9989493e-01   9.9964897e+05   3.4298994e+03
   9.4000000e-01   6.9990855e-01   9.9988954e+05   3.4298994e+03
   9.4500000e-01   6.9991789e-01   9.9996524e+05   3.4298994e+03
   9.5000000e-01   6.9992589e-01   9.9998906e+05   3.4298994e+03
   9.5500000e-01   6.9993347e-01   9.9999656e+05   3.4298994e+03
   9.6000000e-01   6.9994091e-01   9.9999892e+05   3.4298994e+03
   9.6500000e-01   6.9994831e-01   9.9999966e+05   3.4298994e+03
   9.7000000e-01   6.9995570e-01   9.9999989e+05   3.4298994e+03
   9.7500000e-01   6.9996309e-01   9.9999997e+05   3.4298994e+03
   9.8000000e-01   6.9997047e-01   9.9999999e+05   3.4298994e+03
   9.8500000e-01   6.9997785e-01   1.0000000e+06   3.4298994e+03
   9.9000000e-01   6.9998523e-01   1.0000000e+06   3.4298994e+03
   9.9500000e-01   6.9999262e-01   1.0000000e+06   3.4298994e+03
   1.0000000e+00   7.0000000e-01   1.0000000e+06   3.4298994e+03
