   0.0000000e+00   0.0000000e+00   1.0000000e+06   8.3983816e+03
   5.0000000e-03   1.8082713e-05   1.0000000e+06   8.3983816e+03
   1.0000000e-02   3.6165416e-05   1.0000000e+06   8.3983816e+03
   1.5000000e-02   5.4248082e-05   1.0000000e+06   8.3983816e+03
   2.0000000e-02   7.2330631e-05   9.9999999e+05   8.3983816e+03
   2.5000000e-02   9.0412807e-05   9.9999997e+05   8.3983816e+03
   3.0000000e-02   1.0849380e-04   9.9999990e+05   8.3983816e+03
   3.5000000e-02   1.2657101e-04   9.9999969e+05   8.3983816e+03
   4.0000000e-02   1.4463624e-04   9.9999901e+05   8.3983816e+03
   4.5000000e-02   1.6266332e-04   9.9999686e+05   8.3983816e+03
   5.0000000e-02   1.8056912e-04   9.9999003e+05   8.3983816e+03
   5.5000000e-02   1.9808926e-04   9.9996829e+05   8.3983816e+03
   6.0000000e-02   2.1438305e-04   9.9989918e+05   8.3983816e+03
   6.5000000e-02   2.2677737e-04   9.9967946e+05   8.3983816e+03
   7.0000000e-02   2.2677351e-04   9.9898114e+05   8.3983816e+03
   7.5000000e-02   1.8736149e-04   9.9676447e+05   8.3983816e+03
   8.0000000e-02   2.2803066e-05   9.8975481e+05   8.3983816e+03
   8.5000000e-02  -5.3802744e-04   9.6785420e+05   8.3983816e+03
   9.0000000e-02  -2.3422199e-03   9.0197253e+05   8.3983816e+03
   9.5000000e-02  -7.9380006e-03   7.2554471e+05   8.3983816e+03
   1.0000000e-01  -2.4149393e-02   3.8558446e+05   8.3983816e+03
   1.0500000e-01  -4.4805584e-02   1.7085604e+05   8.3983816e+03
   1.1000000e-01  -5.8891941e-02   9.6988450e+04   8.3983816e+03
   1.1500000e-01  -6.9265577e-02   6.3210812e+04   8.3983816e+03
   1.2000000e-01  -7.7232971e-02   4.5002125e+04   8.3983816e+03
   1.2500000e-01  -8.3498415e-02   3.4079565e+04   8.3983816e+03
   1.3000000e-01  -8.8484379e-02   2.7020770e+04   8.3983816e+03
   1.3500000e-01  -9.2463890e-02   2.2203022e+04   8.3983816e+03
   1.4000000e-01  -9.5623293e-02   1.8775528e+04   8.3983816e+03
   1.4500000e-01  -9.8095160e-02   1.6256520e+04   8.3983816e+03
   1.5000000e-01  -9.9976921e-02   1.4356070e+04   8.3983816e+03
   1.5500000e-01  -1.0134209e-01   1.2890890e+04   8.3983816e+03
   1.6000000e-01  -1.0224733e-01   1.1740348e+04   8.3983816e+03
   1.6500000e-01  -1.0273714e-01   1.0822380e+04   8.3983816e+03
   1.7000000e-01  -1.0284704e-01   1.0079609e+04   8.3983816e+03
   1.7500000e-01  -1.0260574e-01   9.4709978e+03   8.3983816e+03
   1.8000000e-01  -1.0203680e-01   8.9666251e+03   8.3983816e+03
   1.8500000e-01  -1.0115972e-01   8.5443093e+03   8.3983816e+03
   1.9000000e-01  -9.9990838e-02   8.1873642e+03   8.3983816e+03
   1.9500000e-01  -9.8543954e-02   7.8830704e+03   8.3983816e+03
   2.0000000e-01  -9.6830841e-02   7.6216145e+03   8.3983816e+03
   2.0500000e-01  -9.4861611e-02   7.3953402e+03   8.3983816e+03
   2.1000000e-01  -9.2645017e-02   7.1982117e+03   8.3983816e+03
   2.1500000e-01  -9.0188684e-02   7.0254242e+03   8.3983816e+03
   2.2000000e-01  -8.7499294e-02   6.8731180e+03   8.3983816e+03
   2.2500000e-01  -8.4582739e-02   6.7381659e+03   8.3983816e+03
   2.3000000e-01  -8.1444238e-02   6.6180140e+03   8.3983816e+03
   2.3500000e-01  -7.8088439e-02   6.5105608e+03   8.3983816e+03
   2.4000000e-01  -7.4519498e-02   6.4140649e+03   8.3983816e+03
   2.4500000e-01  -7.0741147e-02   6.3270738e+03   8.3983816e+03
   2.5000000e-01  -6.6756752e-02   6.2483685e+03   8.3983816e+03
   2.5500000e-01  -6.2569355e-02   6.1769194e+03   8.3983816e+03
   2.6000000e-01  -5.8181722e-02   6.1118530e+03   8.3983816e+03
   2.6500000e-01  -5.3596367e-02   6.0524236e+03   8.3983816e+03
   2.7000000e-01  -4.8815591e-02   5.9979919e+03   8.3983816e+03
   2.7500000e-01  -4.3841499e-02   5.9480072e+03   8.3983816e+03
   2.8000000e-01  -3.8676023e-02   5.9019930e+03   8.3983816e+03
   2.8500000e-01  -3.3320944e-02   5.8595353e+03   8.3983816e+03
   2.9000000e-01  -2.7777904e-02   5.8202730e+03   8.3983816e+03
   2.9500000e-01  -2.2048422e-02   5.7838901e+03   8.3983816e+03
   3.0000000e-01  -1.6133904e-02   5.7501090e+03   8.3983816e+03
   3.0500000e-01  -1.0035657e-02   5.7186848e+03   8.3983816e+03
   3.1000000e-01  -3.7548971e-03   5.6894013e+03   8.3983816e+03
   3.1500000e-01   2.7072433e-03   5.6620664e+03   8.3983816e+03
   3.2000000e-01   9.3497069e-03   5.6365095e+03   8.3983816e+03
   3.2500000e-01   1.6171505e-02   5.6125784e+03   8.3983816e+03
   3.3000000e-01   2.3171713e-02   5.5901369e+03   8.3983816e+03
   3.3500000e-01   3.0349462e-02   5.5690629e+03   8.3983816e+03
   3.4000000e-01   3.7703936e-02   5.5492468e+03   8.3983816e+03
   3.4500000e-01   4.5234371e-02   5.5305898e+03   8.3983816e+03
   3.5000000e-01   5.2940043e-02   5.5130027e+03   8.3983816e+03
   3.5500000e-01   6.0820273e-02   5.4964049e+03   8.3983816e+03
   3.6000000e-01   6.8874418e-02   5.4807232e+03   8.3983816e+03
   3.6500000e-01   7.7101873e-02   5.4658914e+03   8.3983816e+03
   3.7000000e-01   8.5502063e-02   5.4518488e+03   8.3983816e+03
   3.7500000e-01   9.4074446e-02   5.4385406e+03   8.3983816e+03
   3.8000000e-01   1.0281851e-01   5.4259164e+03   8.3983816e+03
   3.8500000e-01   1.1173376e-01   5.4139302e+03   8.3983816e+03
   3.9000000e-01   1.2081973e-01   5.4025399e+03   8.3983816e+03
   3.9500000e-01   1.3007599e-01   5.3917068e+03   8.3983816e+03
   4.0000000e-01   1.3950212e-01   5.3813954e+03   8.3983816e+03
   4.0500000e-01   1.4909771e-01   5.3715731e+03   8.3983816e+03
   4.1000000e-01   1.5886239e-01   5.3622097e+03   8.3983816e+03
   4.1500000e-01   1.6879580e-01   5.3532774e+03   8.3983816e+03
   4.2000000e-01   1.7889758e-01   5.3447505e+03   8.3983816e+03
   4.2500000e-01   1.8916742e-01   5.3366052e+03   8.3983816e+03
   4.3000000e-01   1.9960499e-01   5.3288196e+03   8.3983816e+03
   4.3500000e-01   2.1020999e-01   5.3213731e+03   8.3983816e+03
   4.4000000e-01   2.2098214e-01   5.3142469e+03   8.3983816e+03
   4.4500000e-01   2.3192116e-01   5.3074233e+03   8.3983816e+03
   4.5000000e-01   2.4302679e-01   5.3008858e+03   8.3983816e+03
   4.5500000e-01   2.5429877e-01   5.2946192e+03   8.3983816e+03
   4.6000000e-01   2.6573686e-01   5.2886092e+03   8.3983816e+03
   4.6500000e-01   2.7734083e-01   5.2828424e+03   8.3983816e+03
   4.7000000e-01   2.8911045e-01   5.2773064e+03   8.3983816e+03
   4.7500000e-01   3.0104552e-01   5.2719894e+03   8.3983816e+03
   4.8000000e-01   3.1314582e-01   5.2668807e+03   8.3983816e+03
   4.8500000e-01   3.2541116e-01   5.2619698e+03   8.3983816e+03
   4.9000000e-01   3.3784134e-01   5.2572473e+03   8.3983816e+03
   4.9500000e-01   3.5043620e-01   5.2527039e+03   8.3983816e+03
   5.0000000e-01   3.6319554e-01   5.2483313e+03   8.3983816e+03
   5.0500000e-01   3.7611920e-01   5.2441213e+03   8.3983816e+03
   5.1000000e-01   3.8920702e-01   5.2400665e+03   8.3983816e+03
   5.1500000e-01   4.0245884e-01   5.2361596e+03   8.3983816e+03
   5.2000000e-01   4.1587451e-01   5.2323940e+03   8.3983816e+03
   5.2500000e-01   4.2945389e-01   5.2287632e+03   8.3983816e+03
   5.3000000e-01   4.4319683e-01   5.2252613e+03   8.3983816e+03
   5.3500000e-01   4.5710319e-01   5.2218824e+03   8.3983816e+03
   5.4000000e-01   4.7117286e-01   5.2186213e+03   8.3983816e+03
   5.4500000e-01   4.8540570e-01   5.2154727e+03   8.3983816e+03
   5.5000000e-01   4.9980158e-01   5.2124317e+03   8.3983816e+03
   5.5500000e-01   5.1436040e-01   5.2094936e+03   8.3983816e+03
   5.6000000e-01   5.2908203e-01   5.2066541e+03   8.3983816e+03
   5.6500000e-01   5.4396638e-01   5.2039090e+03   8.3983816e+03
   5.7000000e-01   5.5901333e-01   5.2012541e+03   8.3983816e+03
   5.7500000e-01   5.7422277e-01   5.1986856e+03   8.3983816e+03
   5.8000000e-01   5.8959462e-01   5.1961999e+03   8.3983816e+03
   5.8500000e-01   6.0512877e-01   5.1937934e+03   8.3983816e+03
   5.9000000e-01   6.2082513e-01   5.1914627e+03   8.3983816e+03
   5.9500000e-01   6.3668361e-01   5.1892047e+03   8.3983816e+03
   6.0000000e-01   6.5270413e-01   5.1870161e+03   8.3983816e+03
   6.0500000e-01   6.6888660e-01   5.1848940e+03   8.3983816e+03
   6.1000000e-01   6.8523093e-01   5.1828356e+03   8.3983816e+03
   6.1500000e-01   7.0173705e-01   5.1808380e+03   8.3983816e+03
   6.2000000e-01   7.1840488e-01   5.1788987e+03   8.3983816e+03
   6.2500000e-01   7.3523434e-01   5.1770150e+03   8.3983816e+03
   6.3000000e-01   7.5222537e-01   5.1751845e+03   8.3983816e+03
   6.3500000e-01   7.6937789e-01   5.1734048e+03   8.3983816e+03
   6.4000000e-01   7.8669183e-01   5.1716735e+03   8.3983816e+03
   6.4500000e-01   8.0416713e-01   5.1699886e+03   8.3983816e+03
   6.5000000e-01   8.2180371e-01   5.1683477e+03   8.3983816e+03
   6.5500000e-01   8.3960153e-01   5.1667488e+03   8.3983816e+03
   6.6000000e-01   8.5756050e-01   5.1651899e+03   8.3983816e+03
   6.6500000e-01   8.7568059e-01   5.1636690e+03   8.3983816e+03
   6.7000000e-01   8.9396172e-01   5.1621843e+03   8.3983816e+03
   6.7500000e-01   9.1240383e-01   5.1607338e+03   8.3983816e+03
   6.8000000e-01   9.3100688e-01   5.1593159e+03   8.3983816e+03
   6.8500000e-01   9.4977081e-01   5.1579287e+03   8.3983816e+03
   6.9000000e-01   9.6869556e-01   5.1565707e+03   8.3983816e+03
   6.9500000e-01   9.8778109e-01   5.1552401e+03   8.3983816e+03
   7.0000000e-01   1.0070273e+00   5.1539354e+03   8.3983816e+03
   7.0500000e-01   1.0264342e+00   5.1526551e+03   8.3983816e+03
   7.1000000e-01   1.0460018e+00   5.1513977e+03   8.3983816e+03
   7.1500000e-01   1.0657299e+00   5.1501617e+03   8.3983816e+03
   7.2000000e-01   1.0856185e+00   5.1489458e+03   8.3983816e+03
   7.2500000e-01   1.1056676e+00   5.1477487e+03   8.3983816e+03
   7.3000000e-01   1.1258771e+00   5.1465689e+03   8.3983816e+03
   7.3500000e-01   1.1462471e+00   5.1454053e+03   8.3983816e+03
   7.4000000e-01   1.1667773e+00   5.1442567e+03   8.3983816e+03
   7.4500000e-01   1.1874679e+00   5.1431218e+03   8.3983816e+03
   7.5000000e-01   1.2083187e+00   5.1419996e+03   8.3983816e+03
   7.5500000e-01   1.2293297e+00   5.1408890e+03   8.3983816e+03
   7.6000000e-01   1.2505009e+00   5.1397889e+03   8.3983816e+03
   7.6500000e-01   1.2718322e+00   5.1386984e+03   8.3983816e+03
   7.7000000e-01   1.2933235e+00   5.1376164e+03   8.3983816e+03
   7.7500000e-01   1.3149749e+00   5.1365422e+03   8.3983816e+03
   7.8000000e-01   1.3367864e+00   5.1354748e+03   8.3983816e+03
   7.8500000e-01   1.3587577e+00   5.1344135e+03   8.3983816e+03
   7.9000000e-01   1.3808890e+00   5.1333575e+03   8.3983816e+03
   7.9500000e-01   1.4031802e+00   5.1323063e+03   8.3983816e+03
   8.0000000e-01   1.4256312e+00   5.1312595e+03   8.3983816e+03
   8.0500000e-01   1.4482419e+00   5.1302172e+03   8.3983816e+03
   8.1000000e-01   1.4710125e+00   5.1291808e+03   8.3983816e+03
   8.1500000e-01   1.4939427e+00   5.1281544e+03   8.3983816e+03
   8.2000000e-01   1.5170326e+00   5.1271489e+03   8.3983816e+03
   8.2500000e-01   1.5402822e+00   5.1261924e+03   8.3983816e+03
   8.3000000e-01   1.5636913e+00   5.1253556e+03   8.3983816e+03
   8.3500000e-01   1.5872600e+00   5.1248171e+03   8.3983816e+03
   8.4000000e-01   1.6109883e+00   5.1250294e+03   8.3983816e+03
   8.4500000e-01   1.6348761e+00   5.1271451e+03   8.3983816e+03
   8.5000000e-01   1.6589235e+00   5.1341168e+03   8.3983816e+03
   8.5500000e-01   1.6831309e+00   5.1535538e+03   8.3983816e+03
   8.6000000e-01   1.7074989e+00   5.2051874e+03   8.3983816e+03
   8.6500000e-01   1.7320295e+00   5.3405088e+03   8.3983816e+03
   8.7000000e-01   1.7567280e+00   5.6948198e+03   8.3983816e+03
   8.7500000e-01   1.7816082e+00   6.6266018e+03   8.3983816e+03
   8.8000000e-01   1.8067059e+00   9.0969470e+03   8.3983816e+03
   8.8500000e-01   1.8321168e+00   1.5737437e+04   8.3983816e+03
   8.9000000e-01   1.8580978e+00   3.4085142e+04   8.3983816e+03
   8.9500000e-01   1.8853585e+00   8.8125228e+04   8.3983816e+03
   9.0000000e-01   1.9159890e+00   2.7601353e+05   8.3983816e+03
   9.0500000e-01   1.9379367e+00   6.3725405e+05   8.3983816e+03
   9.1000000e-01   1.9458538e+00   8.6311524e+05   8.3983816e+03
   9.1500000e-01   1.9484763e+00   9.5417760e+05   8.3983816e+03
   9.2000000e-01   1.9493265e+00   9.8528950e+05   8.3983816e+03
   9.2500000e-01   1.9496077e+00   9.9534129e+05   8.3983816e+03
   9.3000000e-01   1.9497087e+00   9.9853099e+05   8.3983816e+03
   9.3500000e-01   1.9497529e+00   9.9953742e+05   8.3983816e+03
   9.4000000e-01   1.9497792e+00   9.9985440e+05   8.3983816e+03
   9.4500000e-01   1.9497999e+00   9.9995418e+05   8.3983816e+03
   9.5000000e-01   1.9498188e+00   9.9998558e+05   8.3983816e+03
   9.5500000e-01   1.9498371e+00   9.9999546e+05   8.3983816e+03
   9.6000000e-01   1.9498553e+00   9.9999857e+05   8.3983816e+03
   9.6500000e-01   1.9498734e+00   9.9999955e+05   8.3983816e+03
   9.7000000e-01   1.9498915e+00   9.9999986e+05   8.3983816e+03
   9.7500000e-01   1.9499096e+00   9.9999996e+05   8.3983816e+03
   9.8000000e-01   1.9499277e+00   9.9999999e+05   8.3983816e+03
   9.8500000e-01   1.9499458e+00   1.0000000e+06   8.3983816e+03
   9.9000000e-01   1.9499638e+00   1.0000000e+06   8.3983816e+03
   9.9500000e-01   1.9499819e+00   1.0000000e+06   8.3983816e+03
   1.0000000e+00   1.9500000e+00   1.0000000e+06   8.3983816e+03
