   0.0000000e+00   0.0000000e+00   1.0000000e+06   1.3613647e+03
   5.0000000e-03   2.9303043e-06   1.0000000e+06   1.3613647e+03
   1.0000000e-02   5.8605978e-06   1.0000000e+06   1.3613647e+03
   1.5000000e-02   8.7908535e-06   1.0000000e+06   1.3613647e+03
   2.0000000e-02   1.1720988e-05   9.9999999e+05   1.3613647e+03
   2.5000000e-02   1.4650738e-05   9.9999997e+05   1.3613647e+03
   3.0000000e-02   1.7579265e-05   9.9999990e+05   1.3613647e+03
   3.5000000e-02   2.0503902e-05   9.9999968e+05   1.3613647e+03
   4.0000000e-02   2.3416176e-05   9.9999898e+05   1.3613647e+03
   4.5000000e-02   2.6289145e-05   9.9999677e+05   1.3613647e+03
   5.0000000e-02   2.9037165e-05   9.9998973e+05   1.3613647e+03
   5.5000000e-02   3.1387976e-05   9.9996735e+05   1.3613647e+03
   6.0000000e-02   3.2476083e-05   9.9989622e+05   1.3613647e+03
   6.5000000e-02   2.9550244e-05   9.9967014e+05   1.3613647e+03
   7.0000000e-02   1.3865883e-05   9.9895184e+05   1.3613647e+03
   7.5000000e-02  -4.2359894e-05   9.9667256e+05   1.3613647e+03
   8.0000000e-02  -2.2728708e-04   9.8946873e+05   1.3613647e+03
   8.5000000e-02  -8.1955144e-04   9.6698556e+05   1.3613647e+03
   9.0000000e-02  -2.6887758e-03   8.9953303e+05   1.3613647e+03
   9.5000000e-02  -8.4439456e-03   7.2010797e+05   1.3613647e+03
   1.0000000e-01  -2.5025013e-02   3.7923610e+05   1.3613647e+03
   1.0500000e-01  -4.6296427e-02   1.6634590e+05   1.3613647e+03
   1.1000000e-01  -6.1172454e-02   9.3294275e+04   1.3613647e+03
   1.1500000e-01  -7.2478646e-02   5.9989062e+04   1.3613647e+03
   1.2000000e-01  -8.1503210e-02   4.2079861e+04   1.3613647e+03
   1.2500000e-01  -8.8938853e-02   3.1351294e+04   1.3613647e+03
   1.3000000e-01  -9.5200543e-02   2.4415375e+04   1.3613647e+03
   1.3500000e-01  -1.0055655e-01   1.9669916e+04   1.3613647e+03
   1.4000000e-01  -1.0519043e-01   1.6277766e+04   1.3613647e+03
   1.4500000e-01  -1.0923339e-01   1.3766935e+04   1.3613647e+03
   1.5000000e-01  -1.1278253e-01   1.1854857e+04   1.3613647e+03
   1.5500000e-01  -1.1591182e-01   1.0363939e+04   1.3613647e+03
   1.6000000e-01  -1.1867893e-01   9.1779950e+03   1.3613647e+03
   1.6500000e-01  -1.2112971e-01   8.2183971e+03   1.3613647e+03
   1.7000000e-01  -1.2330130e-01   7.4303840e+03   1.3613647e+03
   1.7500000e-01  -1.2522417e-01   6.7748562e+03   1.3613647e+03
   1.8000000e-01  -1.2692368e-01   6.2232861e+03   1.3613647e+03
   1.8500000e-01  -1.2842115e-01   5.7544598e+03   1.3613647e+03
   1.9000000e-01  -1.2973473e-01   5.3523334e+03   1.3613647e+03
   1.9500000e-01  -1.3087996e-01   5.0045895e+03   1.3613647e+03
   2.0000000e-01  -1.3187031e-01   4.7016427e+03   1.3613647e+03
   2.0500000e-01  -1.3271747e-01   4.4359420e+03   1.3613647e+03
   2.1000000e-01  -1.3343174e-01   4.2014729e+03   1.3613647e+03
   2.1500000e-01  -1.3402218e-01   3.9933959e+03   1.3613647e+03
   2.2000000e-01  -1.3449684e-01   3.8077811e+03   1.3613647e+03
   2.2500000e-01  -1.3486289e-01   3.6414095e+03   1.3613647e+03
   2.3000000e-01  -1.3512678e-01   3.4916240e+03   1.3613647e+03
   2.3500000e-01  -1.3529430e-01   3.3562151e+03   1.3613647e+03
   2.4000000e-01  -1.3537068e-01   3.2333333e+03   1.3613647e+03
   2.4500000e-01  -1.3536068e-01   3.1214204e+03   1.3613647e+03
   2.5000000e-01  -1.3526862e-01   3.0191560e+03   1.3613647e+03
   2.5500000e-01  -1.3509847e-01   2.9254153e+03   1.3613647e+03
   2.6000000e-01  -1.3485384e-01   2.8392348e+03   1.3613647e+03
   2.6500000e-01  -1.3453807e-01   2.7597853e+03   1.3613647e+03
   2.7000000e-01  -1.3415424e-01   2.6863501e+03   1.3613647e+03
   2.7500000e-01  -1.3370518e-01   2.6183068e+03   1.3613647e+03
   2.8000000e-01  -1.3319352e-01   2.5551129e+03   1.3613647e+03
   2.8500000e-01  -1.3262172e-01   2.4962938e+03   1.3613647e+03
   2.9000000e-01  -1.3199204e-01   2.4414323e+03   1.3613647e+03
   2.9500000e-01  -1.3130661e-01   2.3901610e+03   1.3613647e+03
   3.0000000e-01  -1.3056741e-01   2.3421550e+03   1.3613647e+03
   3.0500000e-01  -1.2977629e-01   2.2971260e+03   1.3613647e+03
   3.1000000e-01  -1.2893501e-01   2.2548177e+03   1.3613647e+03
   3.1500000e-01  -1.2804519e-01   2.2150012e+03   1.3613647e+03
   3.2000000e-01  -1.2710837e-01   2.1774718e+03   1.3613647e+03
   3.2500000e-01  -1.2612601e-01   2.1420462e+03   1.3613647e+03
   3.3000000e-01  -1.2509948e-01   2.1085592e+03   1.3613647e+03
   3.3500000e-01  -1.2403007e-01   2.0768620e+03   1.3613647e+03
   3.4000000e-01  -1.2291901e-01   2.0468205e+03   1.3613647e+03
   3.4500000e-01  -1.2176746e-01   2.0183129e+03   1.3613647e+03
   3.5000000e-01  -1.2057652e-01   1.9912289e+03   1.3613647e+03
   3.5500000e-01  -1.1934724e-01   1.9654683e+03   1.3613647e+03
   3.6000000e-01  -1.1808062e-01   1.9409398e+03   1.3613647e+03
   3.6500000e-01  -1.1677761e-01   1.9175600e+03   1.3613647e+03
   3.7000000e-01  -1.1543910e-01   1.8952529e+03   1.3613647e+03
   3.7500000e-01  -1.1406597e-01   1.8739487e+03   1.3613647e+03
   3.8000000e-01  -1.1265903e-01   1.8535835e+03   1.3613647e+03
   3.8500000e-01  -1.1121908e-01   1.8340986e+03   1.3613647e+03
   3.9000000e-01  -1.0974687e-01   1.8154401e+03   1.3613647e+03
   3.9500000e-01  -1.0824311e-01   1.7975582e+03   1.3613647e+03
   4.0000000e-01  -1.0670851e-01   1.7804070e+03   1.3613647e+03
   4.0500000e-01  -1.0514372e-01   1.7639443e+03   1.3613647e+03
   4.1000000e-01  -1.0354938e-01   1.7481309e+03   1.3613647e+03
   4.1500000e-01  -1.0192611e-01   1.7329305e+03   1.3613647e+03
   4.2000000e-01  -1.0027449e-01   1.7183097e+03   1.3613647e+03
   4.2500000e-01  -9.8595084e-02   1.7042372e+03   1.3613647e+03
   4.3000000e-01  -9.6888439e-02   1.6906841e+03   1.3613647e+03
   4.3500000e-01  -9.5155080e-02   1.6776237e+03   1.3613647e+03
   4.4000000e-01  -9.3395511e-02   1.6650309e+03   1.3613647e+03
   4.4500000e-01  -9.1610219e-02   1.6528825e+03   1.3613647e+03
   4.5000000e-01  -8.9799674e-02   1.6411571e+03   1.3613647e+03
   4.5500000e-01  -8.7964330e-02   1.6298344e+03   1.3613647e+03
   4.6000000e-01  -8.6104625e-02   1.6188957e+03   1.3613647e+03
   4.6500000e-01  -8.4220982e-02   1.6083236e+03   1.3613647e+03
   4.7000000e-01  -8.2313810e-02   1.5981021e+03   1.3613647e+03
   4.7500000e-01  -8.0383503e-02   1.5882158e+03   1.3613647e+03
   4.8000000e-01  -7.8430446e-02   1.5786510e+03   1.3613647e+03
   4.8500000e-01  -7.6455006e-02   1.5693946e+03   1.3613647e+03
   4.9000000e-01  -7.4457543e-02   1.5604346e+03   1.3613647e+03
   4.9500000e-01  -7.2438404e-02   1.5517600e+03   1.3613647e+03
   5.0000000e-01  -7.0397922e-02   1.5433604e+03   1.3613647e+03
   5.0500000e-01  -6.8336424e-02   1.5352267e+03   1.3613647e+03
   5.1000000e-01  -6.6254225e-02   1.5273502e+03   1.3613647e+03
   5.1500000e-01  -6.4151628e-02   1.5197233e+03   1.3613647e+03
   5.2000000e-01  -6.2028928e-02   1.5123391e+03   1.3613647e+03
   5.2500000e-01  -5.9886412e-02   1.5051916e+03   1.3613647e+03
   5.3000000e-01  -5.7724356e-02   1.4982753e+03   1.3613647e+03
   5.3500000e-01  -5.5543027e-02   1.4915860e+03   1.3613647e+03
   5.4000000e-01  -5.3342684e-02   1.4851199e+03   1.3613647e+03
   5.4500000e-01  -5.1123577e-02   1.4788744e+03   1.3613647e+03
   5.5000000e-01  -4.8885948e-02   1.4728475e+03   1.3613647e+03
   5.5500000e-01  -4.6630030e-02   1.4670384e+03   1.3613647e+03
   5.6000000e-01  -4.4356047e-02   1.4614471e+03   1.3613647e+03
   5.6500000e-01  -4.2064216e-02   1.4560749e+03   1.3613647e+03
   5.7000000e-01  -3.9754744e-02   1.4509240e+03   1.3613647e+03
   5.7500000e-01  -3.7427832e-02   1.4459979e+03   1.3613647e+03
   5.8000000e-01  -3.5083668e-02   1.4413016e+03   1.3613647e+03
   5.8500000e-01  -3.2722436e-02   1.4368414e+03   1.3613647e+03
   5.9000000e-01  -3.0344307e-02   1.4326253e+03   1.3613647e+03
   5.9500000e-01  -2.7949445e-02   1.4286630e+03   1.3613647e+03
   6.0000000e-01  -2.5538002e-02   1.4249663e+03   1.3613647e+03
   6.0500000e-01  -2.3110122e-02   1.4215492e+03   1.3613647e+03
   6.1000000e-01  -2.0665937e-02   1.4184280e+03   1.3613647e+03
   6.1500000e-01  -1.8205568e-02   1.4156218e+03   1.3613647e+03
   6.2000000e-01  -1.5729123e-02   1.4131528e+03   1.3613647e+03
   6.2500000e-01  -1.3236698e-02   1.4110467e+03   1.3613647e+03
   6.3000000e-01  -1.0728374e-02   1.4093330e+03   1.3613647e+03
   6.3500000e-01  -8.2042179e-03   1.4080456e+03   1.3613647e+03
   6.4000000e-01  -5.6642787e-03   1.4072233e+03   1.3613647e+03
   6.4500000e-01  -3.1085886e-03   1.4069105e+03   1.3613647e+03
   6.5000000e-01  -5.3715963e-04   1.4071580e+03   1.3613647e+03
   6.5500000e-01   2.0500177e-03   1.4080237e+03   1.3613647e+03
   6.6000000e-01   4.6529769e-03   1.4095737e+03   1.3613647e+03
   6.6500000e-01   7.2717780e-03   1.4118833e+03   1.3613647e+03
   6.7000000e-01   9.9065102e-03   1.4150386e+03   1.3613647e+03
   6.7500000e-01   1.2557296e-02   1.4191375e+03   1.3613647e+03
   6.8000000e-01   1.5224293e-02   1.4242918e+03   1.3613647e+03
   6.8500000e-01   1.7907701e-02   1.4306290e+03   1.3613647e+03
   6.9000000e-01   2.0607766e-02   1.4382950e+03   1.3613647e+03
   6.9500000e-01   2.3324783e-02   1.4474562e+03   1.3613647e+03
   7.0000000e-01   2.6059107e-02   1.4583031e+03   1.3613647e+03
   7.0500000e-01   2.8811158e-02   1.4710536e+03   1.3613647e+03
   7.1000000e-01   3.1581429e-02   1.4859578e+03   1.3613647e+03
   7.1500000e-01   3.4370496e-02   1.5033028e+03   1.3613647e+03
   7.2000000e-01   3.7179030e-02   1.5234184e+03   1.3613647e+03
   7.2500000e-01   4.0007810e-02   1.5466849e+03   1.3613647e+03
   7.3000000e-01   4.2857734e-02   1.5735410e+03   1.3613647e+03
   7.3500000e-01   4.5729843e-02   1.6044941e+03   1.3613647e+03
   7.4000000e-01   4.8625332e-02   1.6401328e+03   1.3613647e+03
   7.4500000e-01   5.1545582e-02   1.6811413e+03   1.3613647e+03
   7.5000000e-01   5.4492177e-02   1.7283176e+03   1.3613647e+03
   7.5500000e-01   5.7466942e-02   1.7825954e+03   1.3613647e+03
   7.6000000e-01   6.0471977e-02   1.8450713e+03   1.3613647e+03
   7.6500000e-01   6.3509699e-02   1.9170386e+03   1.3613647e+03
   7.7000000e-01   6.6582891e-02   2.0000292e+03   1.3613647e+03
   7.7500000e-01   6.9694762e-02   2.0958669e+03   1.3613647e+03
   7.8000000e-01   7.2849021e-02   2.2067349e+03   1.3613647e+03
   7.8500000e-01   7.6049954e-02   2.3352627e+03   1.3613647e+03
   7.9000000e-01   7.9302534e-02   2.4846380e+03   1.3613647e+03
   7.9500000e-01   8.2612539e-02   2.6587550e+03   1.3613647e+03
   8.0000000e-01   8.5986701e-02   2.8624085e+03   1.3613647e+03
   8.0500000e-01   8.9432900e-02   3.1015568e+03   1.3613647e+03
   8.1000000e-01   9.2960384e-02   3.3836774e+03   1.3613647e+03
   8.1500000e-01   9.6580066e-02   3.7182583e+03   1.3613647e+03
   8.2000000e-01   1.0030489e-01   4.1174872e+03   1.3613647e+03
   8.2500000e-01   1.0415029e-01   4.5972333e+03   1.3613647e+03
   8.3000000e-01   1.0813483e-01   5.1784759e+03   1.3613647e+03
   8.3500000e-01   1.1228099e-01   5.8894268e+03   1.3613647e+03
   8.4000000e-01   1.1661626e-01   6.7687594e+03   1.3613647e+03
   8.4500000e-01   1.2117466e-01   7.8706589e+03   1.3613647e+03
   8.5000000e-01   1.2599882e-01   9.2729677e+03   1.3613647e+03
   8.5500000e-01   1.3114296e-01   1.1090797e+04   1.3613647e+03
   8.6000000e-01   1.3667740e-01   1.3500241e+04   1.3613647e+03
   8.6500000e-01   1.4269534e-01   1.6781742e+04   1.3613647e+03
   8.7000000e-01   1.4932369e-01   2.1404185e+04   1.3613647e+03
   8.7500000e-01   1.5674126e-01   2.8199983e+04   1.3613647e+03
   8.8000000e-01   1.6521089e-01   3.8763632e+04   1.3613647e+03
   8.8500000e-01   1.7514117e-01   5.6469317e+04   1.3613647e+03
   8.9000000e-01   1.8721694e-01   8.9503480e+04   1.3613647e+03
   8.9500000e-01   2.0271593e-01   1.6213767e+05   1.3613647e+03
   9.0000000e-01   2.2444753e-01   3.7412322e+05   1.3613647e+03
   9.0500000e-01   2.4129102e-01   7.1611444e+05   1.3613647e+03
   9.1000000e-01   2.4715415e-01   8.9779678e+05   1.3613647e+03
   9.1500000e-01   2.4906418e-01   9.6637530e+05   1.3613647e+03
   9.2000000e-01   2.4967365e-01   9.8926906e+05   1.3613647e+03
   9.2500000e-01   2.4986805e-01   9.9660871e+05   1.3613647e+03
   9.3000000e-01   2.4993129e-01   9.9893157e+05   1.3613647e+03
   9.3500000e-01   2.4995319e-01   9.9966372e+05   1.3613647e+03
   9.4000000e-01   2.4996210e-01   9.9989419e+05   1.3613647e+03
   9.4500000e-01   2.4996690e-01   9.9996671e+05   1.3613647e+03
   9.5000000e-01   2.4997043e-01   9.9998953e+05   1.3613647e+03
   9.5500000e-01   2.4997354e-01   9.9999671e+05   1.3613647e+03
   9.6000000e-01   2.4997653e-01   9.9999896e+05   1.3613647e+03
   9.6500000e-01   2.4997948e-01   9.9999967e+05   1.3613647e+03
   9.7000000e-01   2.4998242e-01   9.9999990e+05   1.3613647e+03
   9.7500000e-01   2.4998535e-01   9.9999997e+05   1.3613647e+03
   9.8000000e-01   2.4998828e-01   9.9999999e+05   1.3613647e+03
   9.8500000e-01   2.4999121e-01   1.0000000e+06   1.3613647e+03
   9.9000000e-01   2.4999414e-01   1.0000000e+06   1.3613647e+03
   9.9500000e-01   2.4999707e-01   1.0000000e+06   1.3613647e+03
   1.0000000e+00   2.5000000e-01   1.0000000e+06   1.3613647e+03
