   0.0000000e+00   0.0000000e+00   1.0000000e+06   2.3103380e+04
   3.0000000e-03   2.9840658e-05   1.0000000e+06   2.3103380e+04
   6.0000000e-03   5.9681315e-05   1.0000000e+06   2.3103380e+04
   9.0000000e-03   8.9521970e-05   1.0000000e+06   2.3103380e+04
   1.2000000e-02   1.1936262e-04   1.0000000e+06   2.3103380e+04
   1.5000000e-02   1.4920326e-04   1.0000000e+06   2.3103380e+04
   1.8000000e-02   1.7904389e-04   1.0000000e+06   2.3103380e+04
   2.1000000e-02   2.0888447e-04   9.9999999e+05   2.3103380e+04
   2.4000000e-02   2.3872498e-04   9.9999999e+05   2.3103380e+04
   2.7000000e-02   2.6856533e-04   9.9999998e+05   2.3103380e+04
   3.0000000e-02   2.9840536e-04   9.9999995e+05   2.3103380e+04
   3.3000000e-02   3.2824472e-04   9.9999990e+05   2.3103380e+04
   3.6000000e-02   3.5808273e-04   9.9999980e+05   2.3103380e+04
   3.9000000e-02   3.8791794e-04   9.9999959e+05   2.3103380e+04
   4.2000000e-02   4.1774744e-04   9.9999916e+05   2.3103380e+04
   4.5000000e-02   4.4756520e-04   9.9999827e+05   2.3103380e+04
   4.8000000e-02   4.7735889e-04   9.9999646e+05   2.3103380e+04
   5.1000000e-02   5.0710324e-04   9.9999273e+05   2.3103380e+04
   5.4000000e-02   5.3674639e-04   9.9998509e+05   2.3103380e+04
   5.7000000e-02   5.6618198e-04   9.9996943e+05   2.3103380e+04
   6.0000000e-02   5.9519195e-04   9.9993731e+05   2.3103380e+04
   6.3000000e-02   6.2332904e-04   9.9987145e+05   2.3103380e+04
   6.6000000e-02   6.4967611e-04   9.9973638e+05   2.3103380e+04
   6.9000000e-02   6.7235249e-04   9.9945947e+05   2.3103380e+04
   7.2000000e-02   6.8750228e-04   9.9889185e+05   2.3103380e+04
   7.5000000e-02   6.8722180e-04   9.9772900e+05   2.3103380e+04
   7.8000000e-02   6.5531911e-04   9.9534934e+05   2.3103380e+04
   8.1000000e-02   5.5865884e-04   9.9049050e+05   2.3103380e+04
   8.4000000e-02   3.2958467e-04   9.8061517e+05   2.3103380e+04
   8.7000000e-02  -1.6941123e-04   9.6073165e+05   2.3103380e+04
   9.0000000e-02  -1.2151946e-03   9.2145567e+05   2.3103380e+04
   9.3000000e-02  -3.3546592e-03   8.4683494e+05   2.3103380e+04
   9.6000000e-02  -7.6268524e-03   7.1569214e+05   2.3103380e+04
   9.9000000e-02  -1.5857856e-02   5.1692428e+05   2.3103380e+04
   1.0200000e-01  -3.0815391e-02   2.8397113e+05   2.3103380e+04
   1.0500000e-01  -4.1832727e-02   1.8066311e+05   2.3103380e+04
   1.0800000e-01  -5.0348366e-02   1.2601446e+05   2.3103380e+04
   1.1100000e-01  -5.7123256e-02   9.3646887e+04   2.3103380e+04
   1.1400000e-01  -6.2608096e-02   7.2919704e+04   2.3103380e+04
   1.1700000e-01  -6.7091498e-02   5.8874653e+04   2.3103380e+04
   1.2000000e-01  -7.0769032e-02   4.8947098e+04   2.3103380e+04
   1.2300000e-01  -7.3778932e-02   4.1700767e+04   2.3103380e+04
   1.2600000e-01  -7.6222099e-02   3.6279034e+04   2.3103380e+04
   1.2900000e-01  -7.8174027e-02   3.2143855e+04   2.3103380e+04
   1.3200000e-01  -7.9692296e-02   2.8942107e+04   2.3103380e+04
   1.3500000e-01  -8.0821489e-02   2.6432982e+04   2.3103380e+04
   1.3800000e-01  -8.1596543e-02   2.4446671e+04   2.3103380e+04
   1.4100000e-01  -8.2045117e-02   2.2860006e+04   2.3103380e+04
   1.4400000e-01  -8.2189304e-02   2.1581659e+04   2.3103380e+04
   1.4700000e-01  -8.2046904e-02   2.0542881e+04   2.3103380e+04
   1.5000000e-01  -8.1632382e-02   1.9691446e+04   2.3103380e+04
   1.5300000e-01  -8.0957592e-02   1.8987467e+04   2.3103380e+04
   1.5600000e-01  -8.0032339e-02   1.8400374e+04   2.3103380e+04
   1.5900000e-01  -7.8864796e-02   1.7906651e+04   2.3103380e+04
   1.6200000e-01  -7.7461838e-02   1.7488119e+04   2.3103380e+04
   1.6500000e-01  -7.5829293e-02   1.7130644e+04   2.3103380e+04
   1.6800000e-01  -7.3972140e-02   1.6823160e+04   2.3103380e+04
   1.7100000e-01  -7.1894658e-02   1.6556936e+04   2.3103380e+04
   1.7400000e-01  -6.9600556e-02   1.6325029e+04   2.3103380e+04
   1.7700000e-01  -6.7093062e-02   1.6121874e+04   2.3103380e+04
   1.8000000e-01  -6.4375006e-02   1.5942975e+04   2.3103380e+04
   1.8300000e-01  -6.1448878e-02   1.5784669e+04   2.3103380e+04
   1.8600000e-01  -5.8316882e-02   1.5643956e+04   2.3103380e+04
   1.8900000e-01  -5.4980979e-02   1.5518356e+04   2.3103380e+04
   1.9200000e-01  -5.1442916e-02   1.5405806e+04   2.3103380e+04
   1.9500000e-01  -4.7704261e-02   1.5304583e+04   2.3103380e+04
   1.9800000e-01  -4.3766424e-02   1.5213236e+04   2.3103380e+04
   2.0100000e-01  -3.9630677e-02   1.5130537e+04   2.3103380e+04
   2.0400000e-01  -3.5298170e-02   1.5055441e+04   2.3103380e+04
   2.0700000e-01  -3.0769950e-02   1.4987057e+04   2.3103380e+04
   2.1000000e-01  -2.6046970e-02   1.4924618e+04   2.3103380e+04
   2.1300000e-01  -2.1130097e-02   1.4867464e+04   2.3103380e+04
   2.1600000e-01  -1.6020128e-02   1.4815021e+04   2.3103380e+04
   2.1900000e-01  -1.0717794e-02   1.4766793e+04   2.3103380e+04
   2.2200000e-01  -5.2237662e-03   1.4722346e+04   2.3103380e+04
   2.2500000e-01   4.6133711e-04   1.4681300e+04   2.3103380e+04
   2.2800000e-01   6.3369441e-03   1.4643320e+04   2.3103380e+04
   2.3100000e-01   1.2402526e-02   1.4608112e+04   2.3103380e+04
   2.3400000e-01   1.8657592e-02   1.4575417e+04   2.3103380e+04
   2.3700000e-01   2.5101688e-02   1.4545004e+04   2.3103380e+04
   2.4000000e-01   3.1734389e-02   1.4516668e+04   2.3103380e+04
   2.4300000e-01   3.8555302e-02   1.4490227e+04   2.3103380e+04
   2.4600000e-01   4.5564057e-02   1.4465516e+04   2.3103380e+04
   2.4900000e-01   5.2760312e-02   1.4442391e+04   2.3103380e+04
   2.5200000e-01   6.0143743e-02   1.4420720e+04   2.3103380e+04
   2.5500000e-01   6.7714050e-02   1.4400385e+04   2.3103380e+04
   2.5800000e-01   7.5470949e-02   1.4381279e+04   2.3103380e+04
   2.6100000e-01   8.3414174e-02   1.4363307e+04   2.3103380e+04
   2.6400000e-01   9.1543474e-02   1.4346382e+04   2.3103380e+04
   2.6700000e-01   9.9858615e-02   1.4330424e+04   2.3103380e+04
   2.7000000e-01   1.0835937e-01   1.4315363e+04   2.3103380e+04
   2.7300000e-01   1.1704554e-01   1.4301132e+04   2.3103380e+04
   2.7600000e-01   1.2591692e-01   1.4287674e+04   2.3103380e+04
   2.7900000e-01   1.3497332e-01   1.4274932e+04   2.3103380e+04
   2.8200000e-01   1.4421456e-01   1.4262859e+04   2.3103380e+04
   2.8500000e-01   1.5364048e-01   1.4251408e+04   2.3103380e+04
   2.8800000e-01   1.6325092e-01   1.4240537e+04   2.3103380e+04
   2.9100000e-01   1.7304573e-01   1.4230210e+04   2.3103380e+04
   2.9400000e-01   1.8302476e-01   1.4220389e+04   2.3103380e+04
   2.9700000e-01   1.9318787e-01   1.4211044e+04   2.3103380e+04
   3.0000000e-01   2.0353494e-01   1.4202143e+04   2.3103380e+04
   3.0300000e-01   2.1406584e-01   1.4193661e+04   2.3103380e+04
   3.0600000e-01   2.2478046e-01   1.4185570e+04   2.3103380e+04
   3.0900000e-01   2.3567867e-01   1.4177848e+04   2.3103380e+04
   3.1200000e-01   2.4676038e-01   1.4170472e+04   2.3103380e+04
   3.1500000e-01   2.5802548e-01   1.4163422e+04   2.3103380e+04
   3.1800000e-01   2.6947387e-01   1.4156681e+04   2.3103380e+04
   3.2100000e-01   2.8110546e-01   1.4150229e+04   2.3103380e+04
   3.2400000e-01   2.9292016e-01   1.4144051e+04   2.3103380e+04
   3.2700000e-01   3.0491789e-01   1.4138131e+04   2.3103380e+04
   3.3000000e-01   3.1709855e-01   1.4132457e+04   2.3103380e+04
   3.3300000e-01   3.2946207e-01   1.4127013e+04   2.3103380e+04
   3.3600000e-01   3.4200838e-01   1.4121788e+04   2.3103380e+04
   3.3900000e-01   3.5473740e-01   1.4116771e+04   2.3103380e+04
   3.4200000e-01   3.6764907e-01   1.4111951e+04   2.3103380e+04
   3.4500000e-01   3.8074331e-01   1.4107317e+04   2.3103380e+04
   3.4800000e-01   3.9402006e-01   1.4102861e+04   2.3103380e+04
   3.5100000e-01   4.0747926e-01   1.4098572e+04   2.3103380e+04
   3.5400000e-01   4.2112085e-01   1.4094444e+04   2.3103380e+04
   3.5700000e-01   4.3494478e-01   1.4090468e+04   2.3103380e+04
   3.6000000e-01   4.4895098e-01   1.4086637e+04   2.3103380e+04
   3.6300000e-01   4.6313940e-01   1.4082944e+04   2.3103380e+04
   3.6600000e-01   4.7751000e-01   1.4079382e+04   2.3103380e+04
   3.6900000e-01   4.9206271e-01   1.4075946e+04   2.3103380e+04
   3.7200000e-01   5.0679750e-01   1.4072629e+04   2.3103380e+04
   3.7500000e-01   5.2171432e-01   1.4069426e+04   2.3103380e+04
   3.7800000e-01   5.3681313e-01   1.4066332e+04   2.3103380e+04
   3.8100000e-01   5.5209387e-01   1.4063343e+04   2.3103380e+04
   3.8400000e-01   5.6755652e-01   1.4060452e+04   2.3103380e+04
   3.8700000e-01   5.8320102e-01   1.4057657e+04   2.3103380e+04
   3.9000000e-01   5.9902734e-01   1.4054953e+04   2.3103380e+04
   3.9300000e-01   6.1503544e-01   1.4052337e+04   2.3103380e+04
   3.9600000e-01   6.3122529e-01   1.4049803e+04   2.3103380e+04
   3.9900000e-01   6.4759685e-01   1.4047350e+04   2.3103380e+04
   4.0200000e-01   6.6415009e-01   1.4044973e+04   2.3103380e+04
   4.0500000e-01   6.8088497e-01   1.4042670e+04   2.3103380e+04
   4.0800000e-01   6.9780146e-01   1.4040437e+04   2.3103380e+04
   4.1100000e-01   7.1489953e-01   1.4038272e+04   2.3103380e+04
   4.1400000e-01   7.3217915e-01   1.4036172e+04   2.3103380e+04
   4.1700000e-01   7.4964029e-01   1.4034135e+04   2.3103380e+04
   4.2000000e-01   7.6728292e-01   1.4032157e+04   2.3103380e+04
   4.2300000e-01   7.8510702e-01   1.4030237e+04   2.3103380e+04
   4.2600000e-01   8.0311256e-01   1.4028373e+04   2.3103380e+04
   4.2900000e-01   8.2129950e-01   1.4026563e+04   2.3103380e+04
   4.3200000e-01   8.3966784e-01   1.4024805e+04   2.3103380e+04
   4.3500000e-01   8.5821754e-01   1.4023097e+04   2.3103380e+04
   4.3800000e-01   8.7694857e-01   1.4021441e+04   2.3103380e+04
   4.4100000e-01   8.9586092e-01   1.4019837e+04   2.3103380e+04
   4.4400000e-01   9.1495457e-01   1.4018291e+04   2.3103380e+04
   4.4700000e-01   9.3422948e-01   1.4016818e+04   2.3103380e+04
   4.5000000e-01   9.5368565e-01   1.4015451e+04   2.3103380e+04
   4.5300000e-01   9.7332305e-01   1.4014263e+04   2.3103380e+04
   4.5600000e-01   9.9314166e-01   1.4013417e+04   2.3103380e+04
   4.5900000e-01   1.0131415e+00   1.4013274e+04   2.3103380e+04
   4.6200000e-01   1.0333225e+00   1.4014635e+04   2.3103380e+04
   4.6500000e-01   1.0536847e+00   1.4019293e+04   2.3103380e+04
   4.6800000e-01   1.0742283e+00   1.4031279e+04   2.3103380e+04
   4.7100000e-01   1.0949532e+00   1.4059722e+04   2.3103380e+04
   4.7400000e-01   1.1158601e+00   1.4125436e+04   2.3103380e+04
   4.7700000e-01   1.1369497e+00   1.4276206e+04   2.3103380e+04
   4.8000000e-01   1.1582241e+00   1.4622525e+04   2.3103380e+04
   4.8300000e-01   1.1796883e+00   1.5421877e+04   2.3103380e+04
   4.8600000e-01   1.2013532e+00   1.7279681e+04   2.3103380e+04
   4.8900000e-01   1.2232449e+00   2.1636303e+04   2.3103380e+04
   4.9200000e-01   1.2454238e+00   3.1981504e+04   2.3103380e+04
   4.9500000e-01   1.2680342e+00   5.7053907e+04   2.3103380e+04
   4.9800000e-01   1.2914251e+00   1.2023831e+05   2.3103380e+04
   5.0100000e-01   1.3164764e+00   2.9350009e+05   2.3103380e+04
   5.0400000e-01   1.3316900e+00   5.1684847e+05   2.3103380e+04
   5.0700000e-01   1.3401761e+00   7.1165873e+05   2.3103380e+04
   5.1000000e-01   1.3446471e+00   8.4284193e+05   2.3103380e+04
   5.1300000e-01   1.3469299e+00   9.1873956e+05   2.3103380e+04
   5.1600000e-01   1.3480812e+00   9.5916138e+05   2.3103380e+04
   5.1900000e-01   1.3486638e+00   9.7977421e+05   2.3103380e+04
   5.2200000e-01   1.3489647e+00   9.9005604e+05   2.3103380e+04
   5.2500000e-01   1.3491273e+00   9.9512872e+05   2.3103380e+04
   5.2800000e-01   1.3492219e+00   9.9761792e+05   2.3103380e+04
   5.3100000e-01   1.3492834e+00   9.9883616e+05   2.3103380e+04
   5.3400000e-01   1.3493288e+00   9.9943161e+05   2.3103380e+04
   5.3700000e-01   1.3493661e+00   9.9972247e+05   2.3103380e+04
   5.4000000e-01   1.3493997e+00   9.9986450e+05   2.3103380e+04
   5.4300000e-01   1.3494313e+00   9.9993385e+05   2.3103380e+04
   5.4600000e-01   1.3494620e+00   9.9996771e+05   2.3103380e+04
   5.4900000e-01   1.3494923e+00   9.9998424e+05   2.3103380e+04
   5.5200000e-01   1.3495223e+00   9.9999230e+05   2.3103380e+04
   5.5500000e-01   1.3495523e+00   9.9999624e+05   2.3103380e+04
   5.5800000e-01   1.3495822e+00   9.9999817e+05   2.3103380e+04
   5.6100000e-01   1.3496120e+00   9.9999910e+05   2.3103380e+04
   5.6400000e-01   1.3496419e+00   9.9999956e+05   2.3103380e+04
   5.6700000e-01   1.3496717e+00   9.9999979e+05   2.3103380e+04
   5.7000000e-01   1.3497016e+00   9.9999990e+05   2.3103380e+04
   5.7300000e-01   1.3497314e+00   9.9999995e+05   2.3103380e+04
   5.7600000e-01   1.3497613e+00   9.9999998e+05   2.3103380e+04
   5.7900000e-01   1.3497911e+00   9.9999999e+05   2.3103380e+04
   5.8200000e-01   1.3498210e+00   9.9999999e+05   2.3103380e+04
   5.8500000e-01   1.3498508e+00   1.0000000e+06   2.3103380e+04
   5.8800000e-01   1.3498806e+00   1.0000000e+06   2.3103380e+04
   5.9100000e-01   1.3499105e+00   1.0000000e+06   2.3103380e+04
   5.9400000e-01   1.3499403e+00   1.0000000e+06   2.3103380e+04
   5.9700000e-01   1.3499702e+00   1.0000000e+06   2.3103380e+04
   6.0000000e-01   1.3500000e+00   1.0000000e+06   2.3103380e+04
