   0.0000000e+00   0.0000000e+00   1.0000000e+06   2.4588458e+04
   3.0000000e-03   3.1759215e-05   1.0000000e+06   2.4588458e+04
   6.0000000e-03   6.3518429e-05   1.0000000e+06   2.4588458e+04
   9.0000000e-03   9.5277642e-05   1.0000000e+06   2.4588458e+04
   1.2000000e-02   1.2703685e-04   1.0000000e+06   2.4588458e+04
   1.5000000e-02   1.5879605e-04   1.0000000e+06   2.4588458e+04
   1.8000000e-02   1.9055523e-04   1.0000000e+06   2.4588458e+04
   2.1000000e-02   2.2231437e-04   9.9999999e+05   2.4588458e+04
   2.4000000e-02   2.5407344e-04   9.9999999e+05   2.4588458e+04
   2.7000000e-02   2.8583235e-04   9.9999998e+05   2.4588458e+04
   3.0000000e-02   3.1759094e-04   9.9999995e+05   2.4588458e+04
   3.3000000e-02   3.4934887e-04   9.9999990e+05   2.4588458e+04
   3.6000000e-02   3.8110544e-04   9.9999980e+05   2.4588458e+04
   3.9000000e-02   4.1285924e-04   9.9999959e+05   2.4588458e+04
   4.2000000e-02   4.4460734e-04   9.9999916e+05   2.4588458e+04
   4.5000000e-02   4.7634377e-04   9.9999828e+05   2.4588458e+04
   4.8000000e-02   5.0805624e-04   9.9999647e+05   2.4588458e+04
   5.1000000e-02   5.3971960e-04   9.9999277e+05   2.4588458e+04
   5.4000000e-02   5.7128222e-04   9.9998516e+05   2.4588458e+04
   5.7000000e-02   6.0263825e-04   9.9996957e+05   2.4588458e+04
   6.0000000e-02   6.3357060e-04   9.9993760e+05   2.4588458e+04
   6.3000000e-02   6.6363403e-04   9.9987203e+05   2.4588458e+04
   6.6000000e-02   6.9191553e-04   9.9973757e+05   2.4588458e+04
   6.9000000e-02   7.1654282e-04   9.9946188e+05   2.4588458e+04
   7.2000000e-02   7.3367707e-04   9.9889676e+05   2.4588458e+04
   7.5000000e-02   7.3544938e-04   9.9773898e+05   2.4588458e+04
   7.8000000e-02   7.0573841e-04   9.9536959e+05   2.4588458e+04
   8.1000000e-02   6.1155179e-04   9.9053140e+05   2.4588458e+04
   8.4000000e-02   3.8552083e-04   9.8069705e+05   2.4588458e+04
   8.7000000e-02  -1.0929182e-04   9.6089247e+05   2.4588458e+04
   9.0000000e-02  -1.1486525e-03   9.2175966e+05   2.4588458e+04
   9.3000000e-02  -3.2774616e-03   8.4736738e+05   2.4588458e+04
   9.6000000e-02  -7.5315854e-03   7.1650039e+05   2.4588458e+04
   9.9000000e-02  -1.5733266e-02   5.1786290e+05   2.4588458e+04
   1.0200000e-01  -3.0648407e-02   2.8459059e+05   2.4588458e+04
   1.0500000e-01  -4.1614724e-02   1.8113711e+05   2.4588458e+04
   1.0800000e-01  -5.0072744e-02   1.2641002e+05   2.4588458e+04
   1.1100000e-01  -5.6784507e-02   9.3998854e+04   2.4588458e+04
   1.1400000e-01  -6.2201318e-02   7.3249893e+04   2.4588458e+04
   1.1700000e-01  -6.6612095e-02   5.9198470e+04   2.4588458e+04
   1.2000000e-01  -7.0212494e-02   4.9276281e+04   2.4588458e+04
   1.2300000e-01  -7.3140675e-02   4.2044660e+04   2.4588458e+04
   1.2600000e-01  -7.5497335e-02   3.6645165e+04   2.4588458e+04
   1.2900000e-01  -7.7357659e-02   3.2538157e+04   2.4588458e+04
   1.3200000e-01  -7.8778832e-02   2.9368939e+04   2.4588458e+04
   1.3500000e-01  -7.9804986e-02   2.6895079e+04   2.4588458e+04
   1.3800000e-01  -8.0470567e-02   2.4945139e+04   2.4588458e+04
   1.4100000e-01  -8.0802727e-02   2.3394438e+04   2.4588458e+04
   1.4400000e-01  -8.0823058e-02   2.2150417e+04   2.4588458e+04
   1.4700000e-01  -8.0548883e-02   2.1143480e+04   2.4588458e+04
   1.5000000e-01  -7.9994222e-02   2.0320950e+04   2.4588458e+04
   1.5300000e-01  -7.9170529e-02   1.9642819e+04   2.4588458e+04
   1.5600000e-01  -7.8087247e-02   1.9078625e+04   2.4588458e+04
   1.5900000e-01  -7.6752230e-02   1.8605085e+04   2.4588458e+04
   1.6200000e-01  -7.5172074e-02   1.8204310e+04   2.4588458e+04
   1.6500000e-01  -7.3352358e-02   1.7862463e+04   2.4588458e+04
   1.6800000e-01  -7.1297843e-02   1.7568758e+04   2.4588458e+04
   1.7100000e-01  -6.9012618e-02   1.7314716e+04   2.4588458e+04
   1.7400000e-01  -6.6500221e-02   1.7093613e+04   2.4588458e+04
   1.7700000e-01  -6.3763731e-02   1.6900074e+04   2.4588458e+04
   1.8000000e-01  -6.0805841e-02   1.6729763e+04   2.4588458e+04
   1.8300000e-01  -5.7628925e-02   1.6579157e+04   2.4588458e+04
   1.8600000e-01  -5.4235078e-02   1.6445367e+04   2.4588458e+04
   1.8900000e-01  -5.0626164e-02   1.6326015e+04   2.4588458e+04
   1.9200000e-01  -4.6803845e-02   1.6219122e+04   2.4588458e+04
   1.9500000e-01  -4.2769609e-02   1.6123036e+04   2.4588458e+04
   1.9800000e-01  -3.8524794e-02   1.6036366e+04   2.4588458e+04
   2.0100000e-01  -3.4070607e-02   1.5957938e+04   2.4588458e+04
   2.0400000e-01  -2.9408140e-02   1.5886753e+04   2.4588458e+04
   2.0700000e-01  -2.4538384e-02   1.5821957e+04   2.4588458e+04
   2.1000000e-01  -1.9462242e-02   1.5762820e+04   2.4588458e+04
   2.1300000e-01  -1.4180537e-02   1.5708708e+04   2.4588458e+04
   2.1600000e-01  -8.6940214e-03   1.5659077e+04   2.4588458e+04
   2.1900000e-01  -3.0033877e-03   1.5613452e+04   2.4588458e+04
   2.2200000e-01   2.8907293e-03   1.5571418e+04   2.4588458e+04
   2.2500000e-01   8.9877443e-03   1.5532614e+04   2.4588458e+04
   2.2800000e-01   1.5287117e-02   1.5496720e+04   2.4588458e+04
   2.3100000e-01   2.1788347e-02   1.5463458e+04   2.4588458e+04
   2.3400000e-01   2.8490973e-02   1.5432579e+04   2.4588458e+04
   2.3700000e-01   3.5394562e-02   1.5403864e+04   2.4588458e+04
   2.4000000e-01   4.2498717e-02   1.5377117e+04   2.4588458e+04
   2.4300000e-01   4.9803064e-02   1.5352166e+04   2.4588458e+04
   2.4600000e-01   5.7307257e-02   1.5328855e+04   2.4588458e+04
   2.4900000e-01   6.5010969e-02   1.5307045e+04   2.4588458e+04
   2.5200000e-01   7.2913899e-02   1.5286611e+04   2.4588458e+04
   2.5500000e-01   8.1015760e-02   1.5267442e+04   2.4588458e+04
   2.5800000e-01   8.9316287e-02   1.5249437e+04   2.4588458e+04
   2.6100000e-01   9.7815229e-02   1.5232503e+04   2.4588458e+04
   2.6400000e-01   1.0651235e-01   1.5216560e+04   2.4588458e+04
   2.6700000e-01   1.1540743e-01   1.5201531e+04   2.4588458e+04
   2.7000000e-01   1.2450025e-01   1.5187350e+04   2.4588458e+04
   2.7300000e-01   1.3379063e-01   1.5173953e+04   2.4588458e+04
   2.7600000e-01   1.4327836e-01   1.5161286e+04   2.4588458e+04
   2.7900000e-01   1.5296329e-01   1.5149296e+04   2.4588458e+04
   2.8200000e-01   1.6284523e-01   1.5137937e+04   2.4588458e+04
   2.8500000e-01   1.7292404e-01   1.5127165e+04   2.4588458e+04
   2.8800000e-01   1.8319956e-01   1.5116942e+04   2.4588458e+04
   2.9100000e-01   1.9367165e-01   1.5107230e+04   2.4588458e+04
   2.9400000e-01   2.0434017e-01   1.5097997e+04   2.4588458e+04
   2.9700000e-01   2.1520500e-01   1.5089212e+04   2.4588458e+04
   3.0000000e-01   2.2626602e-01   1.5080847e+04   2.4588458e+04
   3.0300000e-01   2.3752310e-01   1.5072875e+04   2.4588458e+04
   3.0600000e-01   2.4897613e-01   1.5065273e+04   2.4588458e+04
   3.0900000e-01   2.6062502e-01   1.5058018e+04   2.4588458e+04
   3.1200000e-01   2.7246966e-01   1.5051090e+04   2.4588458e+04
   3.1500000e-01   2.8450994e-01   1.5044469e+04   2.4588458e+04
   3.1800000e-01   2.9674579e-01   1.5038138e+04   2.4588458e+04
   3.2100000e-01   3.0917711e-01   1.5032080e+04   2.4588458e+04
   3.2400000e-01   3.2180382e-01   1.5026280e+04   2.4588458e+04
   3.2700000e-01   3.3462584e-01   1.5020723e+04   2.4588458e+04
   3.3000000e-01   3.4764309e-01   1.5015397e+04   2.4588458e+04
   3.3300000e-01   3.6085549e-01   1.5010288e+04   2.4588458e+04
   3.3600000e-01   3.7426298e-01   1.5005385e+04   2.4588458e+04
   3.3900000e-01   3.8786548e-01   1.5000678e+04   2.4588458e+04
   3.4200000e-01   4.0166293e-01   1.4996155e+04   2.4588458e+04
   3.4500000e-01   4.1565527e-01   1.4991808e+04   2.4588458e+04
   3.4800000e-01   4.2984244e-01   1.4987628e+04   2.4588458e+04
   3.5100000e-01   4.4422438e-01   1.4983606e+04   2.4588458e+04
   3.5400000e-01   4.5880103e-01   1.4979735e+04   2.4588458e+04
   3.5700000e-01   4.7357234e-01   1.4976007e+04   2.4588458e+04
   3.6000000e-01   4.8853826e-01   1.4972415e+04   2.4588458e+04
   3.6300000e-01   5.0369873e-01   1.4968952e+04   2.4588458e+04
   3.6600000e-01   5.1905372e-01   1.4965613e+04   2.4588458e+04
   3.6900000e-01   5.3460316e-01   1.4962392e+04   2.4588458e+04
   3.7200000e-01   5.5034703e-01   1.4959283e+04   2.4588458e+04
   3.7500000e-01   5.6628527e-01   1.4956282e+04   2.4588458e+04
   3.7800000e-01   5.8241784e-01   1.4953382e+04   2.4588458e+04
   3.8100000e-01   5.9874470e-01   1.4950581e+04   2.4588458e+04
   3.8400000e-01   6.1526582e-01   1.4947873e+04   2.4588458e+04
   3.8700000e-01   6.3198115e-01   1.4945254e+04   2.4588458e+04
   3.9000000e-01   6.4889066e-01   1.4942721e+04   2.4588458e+04
   3.9300000e-01   6.6599431e-01   1.4940269e+04   2.4588458e+04
   3.9600000e-01   6.8329208e-01   1.4937896e+04   2.4588458e+04
   3.9900000e-01   7.0078392e-01   1.4935598e+04   2.4588458e+04
   4.0200000e-01   7.1846980e-01   1.4933372e+04   2.4588458e+04
   4.0500000e-01   7.3634970e-01   1.4931215e+04   2.4588458e+04
   4.0800000e-01   7.5442358e-01   1.4929124e+04   2.4588458e+04
   4.1100000e-01   7.7269142e-01   1.4927097e+04   2.4588458e+04
   4.1400000e-01   7.9115318e-01   1.4925131e+04   2.4588458e+04
   4.1700000e-01   8.0980885e-01   1.4923223e+04   2.4588458e+04
   4.2000000e-01   8.2865838e-01   1.4921372e+04   2.4588458e+04
   4.2300000e-01   8.4770176e-01   1.4919574e+04   2.4588458e+04
   4.2600000e-01   8.6693896e-01   1.4917829e+04   2.4588458e+04
   4.2900000e-01   8.8636996e-01   1.4916134e+04   2.4588458e+04
   4.3200000e-01   9.0599473e-01   1.4914487e+04   2.4588458e+04
   4.3500000e-01   9.2581326e-01   1.4912887e+04   2.4588458e+04
   4.3800000e-01   9.4582551e-01   1.4911333e+04   2.4588458e+04
   4.4100000e-01   9.6603147e-01   1.4909824e+04   2.4588458e+04
   4.4400000e-01   9.8643111e-01   1.4908362e+04   2.4588458e+04
   4.4700000e-01   1.0070244e+00   1.4906951e+04   2.4588458e+04
   4.5000000e-01   1.0278114e+00   1.4905605e+04   2.4588458e+04
   4.5300000e-01   1.0487920e+00   1.4904355e+04   2.4588458e+04
   4.5600000e-01   1.0699661e+00   1.4903276e+04   2.4588458e+04
   4.5900000e-01   1.0913339e+00   1.4902545e+04   2.4588458e+04
   4.6200000e-01   1.1128953e+00   1.4902575e+04   2.4588458e+04
   4.6500000e-01   1.1346503e+00   1.4904343e+04   2.4588458e+04
   4.6800000e-01   1.1565988e+00   1.4910168e+04   2.4588458e+04
   4.7100000e-01   1.1787411e+00   1.4925591e+04   2.4588458e+04
   4.7400000e-01   1.2010772e+00   1.4963963e+04   2.4588458e+04
   4.7700000e-01   1.2236078e+00   1.5057662e+04   2.4588458e+04
   4.8000000e-01   1.2463342e+00   1.5285819e+04   2.4588458e+04
   4.8300000e-01   1.2692594e+00   1.5843343e+04   2.4588458e+04
   4.8600000e-01   1.2923914e+00   1.7214495e+04   2.4588458e+04
   4.8900000e-01   1.3157491e+00   2.0615314e+04   2.4588458e+04
   4.9200000e-01   1.3393800e+00   2.9147049e+04   2.4588458e+04
   4.9500000e-01   1.3634028e+00   5.0937646e+04   2.4588458e+04
   4.9800000e-01   1.3881209e+00   1.0851461e+05   2.4588458e+04
   5.0100000e-01   1.4143361e+00   2.7252368e+05   2.4588458e+04
   5.0400000e-01   1.4304217e+00   4.9426168e+05   2.4588458e+04
   5.0700000e-01   1.4394651e+00   6.9443925e+05   2.4588458e+04
   5.1000000e-01   1.4442539e+00   8.3217326e+05   2.4588458e+04
   5.1300000e-01   1.4467057e+00   9.1284563e+05   2.4588458e+04
   5.1600000e-01   1.4479440e+00   9.5609764e+05   2.4588458e+04
   5.1900000e-01   1.4485709e+00   9.7823078e+05   2.4588458e+04
   5.2200000e-01   1.4488947e+00   9.8929060e+05   2.4588458e+04
   5.2500000e-01   1.4490694e+00   9.9475203e+05   2.4588458e+04
   5.2800000e-01   1.4491711e+00   9.9743324e+05   2.4588458e+04
   5.3100000e-01   1.4492370e+00   9.9874579e+05   2.4588458e+04
   5.3400000e-01   1.4492854e+00   9.9938743e+05   2.4588458e+04
   5.3700000e-01   1.4493253e+00   9.9970088e+05   2.4588458e+04
   5.4000000e-01   1.4493610e+00   9.9985395e+05   2.4588458e+04
   5.4300000e-01   1.4493947e+00   9.9992870e+05   2.4588458e+04
   5.4600000e-01   1.4494274e+00   9.9996519e+05   2.4588458e+04
   5.4900000e-01   1.4494597e+00   9.9998301e+05   2.4588458e+04
   5.5200000e-01   1.4494916e+00   9.9999170e+05   2.4588458e+04
   5.5500000e-01   1.4495235e+00   9.9999595e+05   2.4588458e+04
   5.5800000e-01   1.4495553e+00   9.9999802e+05   2.4588458e+04
   5.6100000e-01   1.4495871e+00   9.9999903e+05   2.4588458e+04
   5.6400000e-01   1.4496189e+00   9.9999953e+05   2.4588458e+04
   5.6700000e-01   1.4496506e+00   9.9999977e+05   2.4588458e+04
   5.7000000e-01   1.4496824e+00   9.9999989e+05   2.4588458e+04
   5.7300000e-01   1.4497142e+00   9.9999995e+05   2.4588458e+04
   5.7600000e-01   1.4497459e+00   9.9999997e+05   2.4588458e+04
   5.7900000e-01   1.4497777e+00   9.9999999e+05   2.4588458e+04
   5.8200000e-01   1.4498094e+00   9.9999999e+05   2.4588458e+04
   5.8500000e-01   1.4498412e+00   1.0000000e+06   2.4588458e+04
   5.8800000e-01   1.4498730e+00   1.0000000e+06   2.4588458e+04
   5.9100000e-01   1.4499047e+00   1.0000000e+06   2.4588458e+04
   5.9400000e-01   1.4499365e+00   1.0000000e+06   2.4588458e+04
   5.9700000e-01   1.4499682e+00   1.0000000e+06   2.4588458e+04
   6.0000000e-01   1.4500000e+00   1.0000000e+06   2.4588458e+04
