   0.0000000e+00   0.0000000e+00   1.0000000e+06   9.4394805e+04
   2.0000000e-03   8.1405267e-05   1.0000000e+06   9.4394805e+04
   4.0000000e-03   1.6281053e-04   1.0000000e+06   9.4394805e+04
   6.0000000e-03   2.4421580e-04   1.0000000e+06   9.4394805e+04
   8.0000000e-03   3.2562107e-04   1.0000000e+06   9.4394805e+04
   1.0000000e-02   4.0702633e-04   1.0000000e+06   9.4394805e+04
   1.2000000e-02   4.8843159e-04   1.0000000e+06   9.4394805e+04
   1.4000000e-02   5.6983685e-04   1.0000000e+06   9.4394805e+04
   1.6000000e-02   6.5124211e-04   1.0000000e+06   9.4394805e+04
   1.8000000e-02   7.3264736e-04   1.0000000e+06   9.4394805e+04
   2.0000000e-02   8.1405259e-04   1.0000000e+06   9.4394805e+04
   2.2000000e-02   8.9545780e-04   9.9999999e+05   9.4394805e+04
   2.4000000e-02   9.7686298e-04   9.9999999e+05   9.4394805e+04
   2.6000000e-02   1.0582681e-03   9.9999999e+05   9.4394805e+04
   2.8000000e-02   1.1396731e-03   9.9999998e+05   9.4394805e+04
   3.0000000e-02   1.2210780e-03   9.9999996e+05   9.4394805e+04
   3.2000000e-02   1.3024827e-03   9.9999994e+05   9.4394805e+04
   3.4000000e-02   1.3838869e-03   9.9999990e+05   9.4394805e+04
   3.6000000e-02   1.4652905e-03   9.9999983e+05   9.4394805e+04
   3.8000000e-02   1.5466931e-03   9.9999973e+05   9.4394805e+04
   4.0000000e-02   1.6280941e-03   9.9999956e+05   9.4394805e+04
   4.2000000e-02   1.7094923e-03   9.9999929e+05   9.4394805e+04
   4.4000000e-02   1.7908862e-03   9.9999885e+05   9.4394805e+04
   4.6000000e-02   1.8722729e-03   9.9999813e+05   9.4394805e+04
   4.8000000e-02   1.9536480e-03   9.9999696e+05   9.4394805e+04
   5.0000000e-02   2.0350044e-03   9.9999507e+05   9.4394805e+04
   5.2000000e-02   2.1163302e-03   9.9999199e+05   9.4394805e+04
   5.4000000e-02   2.1976064e-03   9.9998699e+05   9.4394805e+04
   5.6000000e-02   2.2788021e-03   9.9997887e+05   9.4394805e+04
   5.8000000e-02   2.3598670e-03   9.9996569e+05   9.4394805e+04
   6.0000000e-02   2.4407196e-03   9.9994427e+05   9.4394805e+04
   6.2000000e-02   2.5212273e-03   9.9990950e+05   9.4394805e+04
   6.4000000e-02   2.6011750e-03   9.9985304e+05   9.4394805e+04
   6.6000000e-02   2.6802131e-03   9.9976135e+05   9.4394805e+04
   6.8000000e-02   2.7577744e-03   9.9961247e+05   9.4394805e+04
   7.0000000e-02   2.8329374e-03   9.9937073e+05   9.4394805e+04
   7.2000000e-02   2.9042060e-03   9.9897827e+05   9.4394805e+04
   7.4000000e-02   2.9691515e-03   9.9834125e+05   9.4394805e+04
   7.6000000e-02   3.0238317e-03   9.9730760e+05   9.4394805e+04
   7.8000000e-02   3.0618496e-03   9.9563121e+05   9.4394805e+04
   8.0000000e-02   3.0728308e-03   9.9291471e+05   9.4394805e+04
   8.2000000e-02   3.0399639e-03   9.8851871e+05   9.4394805e+04
   8.4000000e-02   2.9360437e-03   9.8142039e+05   9.4394805e+04
   8.6000000e-02   2.7171414e-03   9.6999929e+05   9.4394805e+04
   8.8000000e-02   2.3125764e-03   9.5172917e+05   9.4394805e+04
   9.0000000e-02   1.6092818e-03   9.2278240e+05   9.4394805e+04
   9.2000000e-02   4.2811739e-04   8.7766295e+05   9.4394805e+04
   9.4000000e-02  -1.5101438e-03   8.0928115e+05   9.4394805e+04
   9.6000000e-02  -4.6286903e-03   7.1037302e+05   9.4394805e+04
   9.8000000e-02  -9.5396263e-03   5.7743771e+05   9.4394805e+04
   1.0000000e-01  -1.7065637e-02   4.1721310e+05   9.4394805e+04
   1.0200000e-01  -2.5107078e-02   2.9042407e+05   9.4394805e+04
   1.0400000e-01  -3.1357386e-02   2.1563223e+05   9.4394805e+04
   1.0600000e-01  -3.6279417e-02   1.6805269e+05   9.4394805e+04
   1.0800000e-01  -4.0167624e-02   1.3617234e+05   9.4394805e+04
   1.1000000e-01  -4.3219301e-02   1.1405104e+05   9.4394805e+04
   1.1200000e-01  -4.5571350e-02   9.8368812e+04   9.4394805e+04
   1.1400000e-01  -4.7320820e-02   8.7144313e+04   9.4394805e+04
   1.1600000e-01  -4.8537177e-02   7.9119094e+04   9.4394805e+04
   1.1800000e-01  -4.9270084e-02   7.3433696e+04   9.4394805e+04
   1.2000000e-01  -4.9554727e-02   6.9448859e+04   9.4394805e+04
   1.2200000e-01  -4.9415767e-02   6.6661204e+04   9.4394805e+04
   1.2400000e-01  -4.8870455e-02   6.4684890e+04   9.4394805e+04
   1.2600000e-01  -4.7931022e-02   6.3248781e+04   9.4394805e+04
   1.2800000e-01  -4.6606356e-02   6.2175685e+04   9.4394805e+04
   1.3000000e-01  -4.4903096e-02   6.1352724e+04   9.4394805e+04
   1.3200000e-01  -4.2826337e-02   6.0707266e+04   9.4394805e+04
   1.3400000e-01  -4.0380073e-02   6.0191346e+04   9.4394805e+04
   1.3600000e-01  -3.7567496e-02   5.9772326e+04   9.4394805e+04
   1.3800000e-01  -3.4391200e-02   5.9427349e+04   9.4394805e+04
   1.4000000e-01  -3.0853320e-02   5.9139987e+04   9.4394805e+04
   1.4200000e-01  -2.6955633e-02   5.8898165e+04   9.4394805e+04
   1.4400000e-01  -2.2699638e-02   5.8692828e+04   9.4394805e+04
   1.4600000e-01  -1.8086604e-02   5.8517072e+04   9.4394805e+04
   1.4800000e-01  -1.3117619e-02   5.8365554e+04   9.4394805e+04
   1.5000000e-01  -7.7936203e-03   5.8234079e+04   9.4394805e+04
   1.5200000e-01  -2.1154224e-03   5.8119321e+04   9.4394805e+04
   1.5400000e-01   3.9162650e-03   5.8018610e+04   9.4394805e+04
   1.5600000e-01   1.0300818e-02   5.7929786e+04   9.4394805e+04
   1.5800000e-01   1.7037688e-02   5.7851084e+04   9.4394805e+04
   1.6000000e-01   2.4126388e-02   5.7781053e+04   9.4394805e+04
   1.6200000e-01   3.1566483e-02   5.7718488e+04   9.4394805e+04
   1.6400000e-01   3.9357587e-02   5.7662387e+04   9.4394805e+04
   1.6600000e-01   4.7499353e-02   5.7611904e+04   9.4394805e+04
   1.6800000e-01   5.5991468e-02   5.7566330e+04   9.4394805e+04
   1.7000000e-01   6.4833650e-02   5.7525061e+04   9.4394805e+04
   1.7200000e-01   7.4025644e-02   5.7487580e+04   9.4394805e+04
   1.7400000e-01   8.3567218e-02   5.7453447e+04   9.4394805e+04
   1.7600000e-01   9.3458160e-02   5.7422283e+04   9.4394805e+04
   1.7800000e-01   1.0369828e-01   5.7393759e+04   9.4394805e+04
   1.8000000e-01   1.1428740e-01   5.7367590e+04   9.4394805e+04
   1.8200000e-01   1.2522535e-01   5.7343529e+04   9.4394805e+04
   1.8400000e-01   1.3651199e-01   5.7321359e+04   9.4394805e+04
   1.8600000e-01   1.4814719e-01   5.7300891e+04   9.4394805e+04
   1.8800000e-01   1.6013080e-01   5.7281957e+04   9.4394805e+04
   1.9000000e-01   1.7246273e-01   5.7264411e+04   9.4394805e+04
   1.9200000e-01   1.8514285e-01   5.7248122e+04   9.4394805e+04
   1.9400000e-01   1.9817108e-01   5.7232975e+04   9.4394805e+04
   1.9600000e-01   2.1154730e-01   5.7218867e+04   9.4394805e+04
   1.9800000e-01   2.2527145e-01   5.7205706e+04   9.4394805e+04
   2.0000000e-01   2.3934343e-01   5.7193412e+04   9.4394805e+04
   2.0200000e-01   2.5376316e-01   5.7181910e+04   9.4394805e+04
   2.0400000e-01   2.6853059e-01   5.7171135e+04   9.4394805e+04
   2.0600000e-01   2.8364564e-01   5.7161027e+04   9.4394805e+04
   2.0800000e-01   2.9910824e-01   5.7151534e+04   9.4394805e+04
   2.1000000e-01   3.1491835e-01   5.7142608e+04   9.4394805e+04
   2.1200000e-01   3.3107590e-01   5.7134203e+04   9.4394805e+04
   2.1400000e-01   3.4758085e-01   5.7126282e+04   9.4394805e+04
   2.1600000e-01   3.6443313e-01   5.7118808e+04   9.4394805e+04
   2.1800000e-01   3.8163272e-01   5.7111749e+04   9.4394805e+04
   2.2000000e-01   3.9917956e-01   5.7105074e+04   9.4394805e+04
   2.2200000e-01   4.1707361e-01   5.7098757e+04   9.4394805e+04
   2.2400000e-01   4.3531484e-01   5.7092773e+04   9.4394805e+04
   2.2600000e-01   4.5390320e-01   5.7087099e+04   9.4394805e+04
   2.2800000e-01   4.7283866e-01   5.7081714e+04   9.4394805e+04
   2.3000000e-01   4.9212120e-01   5.7076600e+04   9.4394805e+04
   2.3200000e-01   5.1175076e-01   5.7071737e+04   9.4394805e+04
   2.3400000e-01   5.3172734e-01   5.7067111e+04   9.4394805e+04
   2.3600000e-01   5.5205089e-01   5.7062707e+04   9.4394805e+04
   2.3800000e-01   5.7272139e-01   5.7058510e+04   9.4394805e+04
   2.4000000e-01   5.9373882e-01   5.7054508e+04   9.4394805e+04
   2.4200000e-01   6.1510315e-01   5.7050689e+04   9.4394805e+04
   2.4400000e-01   6.3681435e-01   5.7047042e+04   9.4394805e+04
   2.4600000e-01   6.5887241e-01   5.7043558e+04   9.4394805e+04
   2.4800000e-01   6.8127730e-01   5.7040226e+04   9.4394805e+04
   2.5000000e-01   7.0402900e-01   5.7037038e+04   9.4394805e+04
   2.5200000e-01   7.2712749e-01   5.7033985e+04   9.4394805e+04
   2.5400000e-01   7.5057275e-01   5.7031062e+04   9.4394805e+04
   2.5600000e-01   7.7436477e-01   5.7028259e+04   9.4394805e+04
   2.5800000e-01   7.9850353e-01   5.7025571e+04   9.4394805e+04
   2.6000000e-01   8.2298900e-01   5.7022992e+04   9.4394805e+04
   2.6200000e-01   8.4782118e-01   5.7020515e+04   9.4394805e+04
   2.6400000e-01   8.7300005e-01   5.7018136e+04   9.4394805e+04
   2.6600000e-01   8.9852560e-01   5.7015850e+04   9.4394805e+04
   2.6800000e-01   9.2439780e-01   5.7013651e+04   9.4394805e+04
   2.7000000e-01   9.5061666e-01   5.7011536e+04   9.4394805e+04
   2.7200000e-01   9.7718214e-01   5.7009501e+04   9.4394805e+04
   2.7400000e-01   1.0040943e+00   5.7007544e+04   9.4394805e+04
   2.7600000e-01   1.0313530e+00   5.7005664e+04   9.4394805e+04
   2.7800000e-01   1.0589583e+00   5.7003872e+04   9.4394805e+04
   2.8000000e-01   1.0869102e+00   5.7002200e+04   9.4394805e+04
   2.8200000e-01   1.1152087e+00   5.7000758e+04   9.4394805e+04
   2.8400000e-01   1.1438537e+00   5.6999891e+04   9.4394805e+04
   2.8600000e-01   1.1728453e+00   5.7000679e+04   9.4394805e+04
   2.8800000e-01   1.2021835e+00   5.7006547e+04   9.4394805e+04
   2.9000000e-01   1.2318682e+00   5.7028478e+04   9.4394805e+04
   2.9200000e-01   1.2618998e+00   5.7102141e+04   9.4394805e+04
   2.9400000e-01   1.2922785e+00   5.7344886e+04   9.4394805e+04
   2.9600000e-01   1.3230059e+00   5.8147916e+04   9.4394805e+04
   2.9800000e-01   1.3540869e+00   6.0833297e+04   9.4394805e+04
   3.0000000e-01   1.3855383e+00   6.9936491e+04   9.4394805e+04
   3.0200000e-01   1.4143251e+00   9.6310220e+04   9.4394805e+04
   3.0400000e-01   1.4375192e+00   1.5320070e+05   9.4394805e+04
   3.0600000e-01   1.4554729e+00   2.4929971e+05   9.4394805e+04
   3.0800000e-01   1.4687808e+00   3.7828708e+05   9.4394805e+04
   3.1000000e-01   1.4782411e+00   5.1968704e+05   9.4394805e+04
   3.1200000e-01   1.4847290e+00   6.5102900e+05   9.4394805e+04
   3.1400000e-01   1.4890572e+00   7.5853911e+05   9.4394805e+04
   3.1600000e-01   1.4918911e+00   8.3887633e+05   9.4394805e+04
   3.1800000e-01   1.4937278e+00   8.9522870e+05   9.4394805e+04
   3.2000000e-01   1.4949162e+00   9.3308378e+05   9.4394805e+04
   3.2200000e-01   1.4956905e+00   9.5777513e+05   9.4394805e+04
   3.2400000e-01   1.4962034e+00   9.7356531e+05   9.4394805e+04
   3.2600000e-01   1.4965528e+00   9.8353388e+05   9.4394805e+04
   3.2800000e-01   1.4968002e+00   9.8977573e+05   9.4394805e+04
   3.3000000e-01   1.4969844e+00   9.9366400e+05   9.4394805e+04
   3.3200000e-01   1.4971294e+00   9.9607839e+05   9.4394805e+04
   3.3400000e-01   1.4972501e+00   9.9757460e+05   9.4394805e+04
   3.3600000e-01   1.4973558e+00   9.9850067e+05   9.4394805e+04
   3.3800000e-01   1.4974522e+00   9.9907341e+05   9.4394805e+04
   3.4000000e-01   1.4975429e+00   9.9942747e+05   9.4394805e+04
   3.4200000e-01   1.4976300e+00   9.9964628e+05   9.4394805e+04
   3.4400000e-01   1.4977149e+00   9.9978148e+05   9.4394805e+04
   3.4600000e-01   1.4977985e+00   9.9986501e+05   9.4394805e+04
   3.4800000e-01   1.4978813e+00   9.9991661e+05   9.4394805e+04
   3.5000000e-01   1.4979635e+00   9.9994849e+05   9.4394805e+04
   3.5200000e-01   1.4980454e+00   9.9996818e+05   9.4394805e+04
   3.5400000e-01   1.4981272e+00   9.9998034e+05   9.4394805e+04
   3.5600000e-01   1.4982088e+00   9.9998786e+05   9.4394805e+04
   3.5800000e-01   1.4982903e+00   9.9999250e+05   9.4394805e+04
   3.6000000e-01   1.4983718e+00   9.9999537e+05   9.4394805e+04
   3.6200000e-01   1.4984532e+00   9.9999714e+05   9.4394805e+04
   3.6400000e-01   1.4985347e+00   9.9999823e+05   9.4394805e+04
   3.6600000e-01   1.4986161e+00   9.9999891e+05   9.4394805e+04
   3.6800000e-01   1.4986975e+00   9.9999933e+05   9.4394805e+04
   3.7000000e-01   1.4987789e+00   9.9999958e+05   9.4394805e+04
   3.7200000e-01   1.4988603e+00   9.9999974e+05   9.4394805e+04
   3.7400000e-01   1.4989417e+00   9.9999984e+05   9.4394805e+04
   3.7600000e-01   1.4990231e+00   9.9999990e+05   9.4394805e+04
   3.7800000e-01   1.4991045e+00   9.9999994e+05   9.4394805e+04
   3.8000000e-01   1.4991859e+00   9.9999996e+05   9.4394805e+04
   3.8200000e-01   1.4992674e+00   9.9999998e+05   9.4394805e+04
   3.8400000e-01   1.4993488e+00   9.9999999e+05   9.4394805e+04
   3.8600000e-01   1.4994302e+00   9.9999999e+05   9.4394805e+04
   3.8800000e-01   1.4995116e+00   9.9999999e+05   9.4394805e+04
   3.9000000e-01   1.4995930e+00   1.0000000e+06   9.4394805e+04
   3.9200000e-01   1.4996744e+00   1.0000000e+06   9.4394805e+04
   3.9400000e-01   1.4997558e+00   1.0000000e+06   9.4394805e+04
   3.9600000e-01   1.4998372e+00   1.0000000e+06   9.4394805e+04
   3.9800000e-01   1.4999186e+00   1.0000000e+06   9.4394805e+04
   4.0000000e-01   1.5000000e+00   1.0000000e+06   9.4394805e+04
