   0.0000000e+00   0.0000000e+00   1.0000000e+06   5.3763994e+04
   2.0000000e-03   4.6314762e-05   1.0000000e+06   5.3763994e+04
   4.0000000e-03   9.2629523e-05   1.0000000e+06   5.3763994e+04
   6.0000000e-03   1.3894428e-04   1.0000000e+06   5.3763994e+04
   8.0000000e-03   1.8525904e-04   1.0000000e+06   5.3763994e+04
   1.0000000e-02   2.3157380e-04   1.0000000e+06   5.3763994e+04
   1.2000000e-02   2.7788856e-04   1.0000000e+06   5.3763994e+04
   1.4000000e-02   3.2420331e-04   1.0000000e+06   5.3763994e+04
   1.6000000e-02   3.7051806e-04   1.0000000e+06   5.3763994e+04
   1.8000000e-02   4.1683280e-04   1.0000000e+06   5.3763994e+04
   2.0000000e-02   4.6314753e-04   1.0000000e+06   5.3763994e+04
   2.2000000e-02   5.0946223e-04   9.9999999e+05   5.3763994e+04
   2.4000000e-02   5.5577689e-04   9.9999999e+05   5.3763994e+04
   2.6000000e-02   6.0209150e-04   9.9999998e+05   5.3763994e+04
   2.8000000e-02   6.4840600e-04   9.9999997e+05   5.3763994e+04
   3.0000000e-02   6.9472034e-04   9.9999996e+05   5.3763994e+04
   3.2000000e-02   7.4103442e-04   9.9999993e+05   5.3763994e+04
   3.4000000e-02   7.8734808e-04   9.9999989e+05   5.3763994e+04
   3.6000000e-02   8.3366104e-04   9.9999982e+05   5.3763994e+04
   3.8000000e-02   8.7997289e-04   9.9999971e+05   5.3763994e+04
   4.0000000e-02   9.2628291e-04   9.9999952e+05   5.3763994e+04
   4.2000000e-02   9.7258998e-04   9.9999922e+05   5.3763994e+04
   4.4000000e-02   1.0188923e-03   9.9999874e+05   5.3763994e+04
   4.6000000e-02   1.0651867e-03   9.9999796e+05   5.3763994e+04
   4.8000000e-02   1.1114686e-03   9.9999668e+05   5.3763994e+04
   5.0000000e-02   1.1577299e-03   9.9999461e+05   5.3763994e+04
   5.2000000e-02   1.2039578e-03   9.9999125e+05   5.3763994e+04
   5.4000000e-02   1.2501316e-03   9.9998579e+05   5.3763994e+04
   5.6000000e-02   1.2962174e-03   9.9997693e+05   5.3763994e+04
   5.8000000e-02   1.3421605e-03   9.9996254e+05   5.3763994e+04
   6.0000000e-02   1.3878717e-03   9.9993917e+05   5.3763994e+04
   6.2000000e-02   1.4332065e-03   9.9990124e+05   5.3763994e+04
   6.4000000e-02   1.4779302e-03   9.9983964e+05   5.3763994e+04
   6.6000000e-02   1.5216614e-03   9.9973964e+05   5.3763994e+04
   6.8000000e-02   1.5637814e-03   9.9957729e+05   5.3763994e+04
   7.0000000e-02   1.6032854e-03   9.9931373e+05   5.3763994e+04
   7.2000000e-02   1.6385423e-03   9.9888596e+05   5.3763994e+04
   7.4000000e-02   1.6669049e-03   9.9819182e+05   5.3763994e+04
   7.6000000e-02   1.6840773e-03   9.9706587e+05   5.3763994e+04
   7.8000000e-02   1.6830916e-03   9.9524068e+05   5.3763994e+04
   8.0000000e-02   1.6526522e-03   9.9228506e+05   5.3763994e+04
   8.2000000e-02   1.5744680e-03   9.8750692e+05   5.3763994e+04
   8.4000000e-02   1.4189690e-03   9.7980341e+05   5.3763994e+04
   8.6000000e-02   1.1384811e-03   9.6743811e+05   5.3763994e+04
   8.8000000e-02   6.5648029e-04   9.4773156e+05   5.3763994e+04
   9.0000000e-02  -1.4898971e-04   9.1669088e+05   5.3763994e+04
   9.2000000e-02  -1.4700277e-03   8.6873312e+05   5.3763994e+04
   9.4000000e-02  -3.6034256e-03   7.9695798e+05   5.3763994e+04
   9.6000000e-02  -6.9933721e-03   6.9486903e+05   5.3763994e+04
   9.8000000e-02  -1.2271656e-02   5.6056273e+05   5.3763994e+04
   1.0000000e-01  -2.0269448e-02   4.0288810e+05   5.3763994e+04
   1.0200000e-01  -2.8871322e-02   2.7974404e+05   5.3763994e+04
   1.0400000e-01  -3.5748157e-02   2.0678831e+05   5.3763994e+04
   1.0600000e-01  -4.1351447e-02   1.6004982e+05   5.3763994e+04
   1.0800000e-01  -4.5970440e-02   1.2836336e+05   5.3763994e+04
   1.1000000e-01  -4.9801230e-02   1.0595719e+05   5.3763994e+04
   1.1200000e-01  -5.2982481e-02   8.9602217e+04   5.3763994e+04
   1.1400000e-01  -5.5615406e-02   7.7375808e+04   5.3763994e+04
   1.1600000e-01  -5.7775672e-02   6.8073627e+04   5.3763994e+04
   1.1800000e-01  -5.9520844e-02   6.0908096e+04   5.3763994e+04
   1.2000000e-01  -6.0895269e-02   5.5343882e+04   5.3763994e+04
   1.2200000e-01  -6.1933380e-02   5.1003323e+04   5.3763994e+04
   1.2400000e-01  -6.2662040e-02   4.7609750e+04   5.3763994e+04
   1.2600000e-01  -6.3102250e-02   4.4952875e+04   5.3763994e+04
   1.2800000e-01  -6.3270453e-02   4.2868076e+04   5.3763994e+04
   1.3000000e-01  -6.3179550e-02   4.1224756e+04   5.3763994e+04
   1.3200000e-01  -6.2839712e-02   3.9919914e+04   5.3763994e+04
   1.3400000e-01  -6.2259014e-02   3.8873786e+04   5.3763994e+04
   1.3600000e-01  -6.1443930e-02   3.8025815e+04   5.3763994e+04
   1.3800000e-01  -6.0399707e-02   3.7330630e+04   5.3763994e+04
   1.4000000e-01  -5.9130647e-02   3.6754399e+04   5.3763994e+04
   1.4200000e-01  -5.7640318e-02   3.6271829e+04   5.3763994e+04
   1.4400000e-01  -5.5931705e-02   3.5863863e+04   5.3763994e+04
   1.4600000e-01  -5.4007333e-02   3.5516000e+04   5.3763994e+04
   1.4800000e-01  -5.1869355e-02   3.5217073e+04   5.3763994e+04
   1.5000000e-01  -4.9519620e-02   3.4958388e+04   5.3763994e+04
   1.5200000e-01  -4.6959730e-02   3.4733094e+04   5.3763994e+04
   1.5400000e-01  -4.4191079e-02   3.4535739e+04   5.3763994e+04
   1.5600000e-01  -4.1214889e-02   3.4361939e+04   5.3763994e+04
   1.5800000e-01  -3.8032234e-02   3.4208133e+04   5.3763994e+04
   1.6000000e-01  -3.4644067e-02   3.4071411e+04   5.3763994e+04
   1.6200000e-01  -3.1051234e-02   3.3949368e+04   5.3763994e+04
   1.6400000e-01  -2.7254489e-02   3.3840008e+04   5.3763994e+04
   1.6600000e-01  -2.3254511e-02   3.3741660e+04   5.3763994e+04
   1.6800000e-01  -1.9051907e-02   3.3652920e+04   5.3763994e+04
   1.7000000e-01  -1.4647227e-02   3.3572597e+04   5.3763994e+04
   1.7200000e-01  -1.0040968e-02   3.3499677e+04   5.3763994e+04
   1.7400000e-01  -5.2335804e-03   3.3433295e+04   5.3763994e+04
   1.7600000e-01  -2.2547601e-04   3.3372707e+04   5.3763994e+04
   1.7800000e-01   4.9829706e-03   3.3317269e+04   5.3763994e+04
   1.8000000e-01   1.0391416e-02   3.3266425e+04   5.3763994e+04
   1.8200000e-01   1.5999546e-02   3.3219690e+04   5.3763994e+04
   1.8400000e-01   2.1807072e-02   3.3176642e+04   5.3763994e+04
   1.8600000e-01   2.7813726e-02   3.3136910e+04   5.3763994e+04
   1.8800000e-01   3.4019263e-02   3.3100168e+04   5.3763994e+04
   1.9000000e-01   4.0423456e-02   3.3066130e+04   5.3763994e+04
   1.9200000e-01   4.7026093e-02   3.3034541e+04   5.3763994e+04
   1.9400000e-01   5.3826980e-02   3.3005176e+04   5.3763994e+04
   1.9600000e-01   6.0825934e-02   3.2977834e+04   5.3763994e+04
   1.9800000e-01   6.8022787e-02   3.2952338e+04   5.3763994e+04
   2.0000000e-01   7.5417381e-02   3.2928528e+04   5.3763994e+04
   2.0200000e-01   8.3009568e-02   3.2906261e+04   5.3763994e+04
   2.0400000e-01   9.0799211e-02   3.2885409e+04   5.3763994e+04
   2.0600000e-01   9.8786180e-02   3.2865857e+04   5.3763994e+04
   2.0800000e-01   1.0697035e-01   3.2847500e+04   5.3763994e+04
   2.1000000e-01   1.1535162e-01   3.2830244e+04   5.3763994e+04
   2.1200000e-01   1.2392987e-01   3.2814005e+04   5.3763994e+04
   2.1400000e-01   1.3270501e-01   3.2798706e+04   5.3763994e+04
   2.1600000e-01   1.4167693e-01   3.2784276e+04   5.3763994e+04
   2.1800000e-01   1.5084556e-01   3.2770652e+04   5.3763994e+04
   2.2000000e-01   1.6021080e-01   3.2757776e+04   5.3763994e+04
   2.2200000e-01   1.6977258e-01   3.2745595e+04   5.3763994e+04
   2.2400000e-01   1.7953082e-01   3.2734061e+04   5.3763994e+04
   2.2600000e-01   1.8948545e-01   3.2723129e+04   5.3763994e+04
   2.2800000e-01   1.9963641e-01   3.2712759e+04   5.3763994e+04
   2.3000000e-01   2.0998362e-01   3.2702913e+04   5.3763994e+04
   2.3200000e-01   2.2052703e-01   3.2693557e+04   5.3763994e+04
   2.3400000e-01   2.3126657e-01   3.2684660e+04   5.3763994e+04
   2.3600000e-01   2.4220220e-01   3.2676193e+04   5.3763994e+04
   2.3800000e-01   2.5333387e-01   3.2668129e+04   5.3763994e+04
   2.4000000e-01   2.6466151e-01   3.2660444e+04   5.3763994e+04
   2.4200000e-01   2.7618509e-01   3.2653115e+04   5.3763994e+04
   2.4400000e-01   2.8790456e-01   3.2646122e+04   5.3763994e+04
   2.4600000e-01   2.9981987e-01   3.2639448e+04   5.3763994e+04
   2.4800000e-01   3.1193099e-01   3.2633075e+04   5.3763994e+04
   2.5000000e-01   3.2423787e-01   3.2626992e+04   5.3763994e+04
   2.5200000e-01   3.3674048e-01   3.2621191e+04   5.3763994e+04
   2.5400000e-01   3.4943878e-01   3.2615668e+04   5.3763994e+04
   2.5600000e-01   3.6233274e-01   3.2610432e+04   5.3763994e+04
   2.5800000e-01   3.7542232e-01   3.2605504e+04   5.3763994e+04
   2.6000000e-01   3.8870750e-01   3.2600936e+04   5.3763994e+04
   2.6200000e-01   4.0218824e-01   3.2596823e+04   5.3763994e+04
   2.6400000e-01   4.1586453e-01   3.2593344e+04   5.3763994e+04
   2.6600000e-01   4.2973633e-01   3.2590821e+04   5.3763994e+04
   2.6800000e-01   4.4380364e-01   3.2589832e+04   5.3763994e+04
   2.7000000e-01   4.5806644e-01   3.2591421e+04   5.3763994e+04
   2.7200000e-01   4.7252475e-01   3.2597472e+04   5.3763994e+04
   2.7400000e-01   4.8717861e-01   3.2611407e+04   5.3763994e+04
   2.7600000e-01   5.0202809e-01   3.2639478e+04   5.3763994e+04
   2.7800000e-01   5.1707338e-01   3.2693186e+04   5.3763994e+04
   2.8000000e-01   5.3231481e-01   3.2793830e+04   5.3763994e+04
   2.8200000e-01   5.4775300e-01   3.2981146e+04   5.3763994e+04
   2.8400000e-01   5.6338910e-01   3.3329804e+04   5.3763994e+04
   2.8600000e-01   5.7922529e-01   3.3981223e+04   5.3763994e+04
   2.8800000e-01   5.9526558e-01   3.5205449e+04   5.3763994e+04
   2.9000000e-01   6.1151755e-01   3.7522956e+04   5.3763994e+04
   2.9200000e-01   6.2799555e-01   4.1948068e+04   5.3763994e+04
   2.9400000e-01   6.4472697e-01   5.0486459e+04   5.3763994e+04
   2.9600000e-01   6.6176463e-01   6.7187903e+04   5.3763994e+04
   2.9800000e-01   6.7921191e-01   1.0050290e+05   5.3763994e+04
   3.0000000e-01   6.9727497e-01   1.6906057e+05   5.3763994e+04
   3.0200000e-01   7.1328688e-01   2.8585851e+05   5.3763994e+04
   3.0400000e-01   7.2487925e-01   4.2878919e+05   5.3763994e+04
   3.0600000e-01   7.3293661e-01   5.7324550e+05   5.3763994e+04
   3.0800000e-01   7.3835296e-01   6.9878228e+05   5.3763994e+04
   3.1000000e-01   7.4190518e-01   7.9636745e+05   5.3763994e+04
   3.1200000e-01   7.4419720e-01   8.6651969e+05   5.3763994e+04
   3.1400000e-01   7.4566316e-01   9.1434438e+05   5.3763994e+04
   3.1600000e-01   7.4659904e-01   9.4581139e+05   5.3763994e+04
   3.1800000e-01   7.4719956e-01   9.6603570e+05   5.3763994e+04
   3.2000000e-01   7.4758989e-01   9.7883780e+05   5.3763994e+04
   3.2200000e-01   7.4784925e-01   9.8686353e+05   5.3763994e+04
   3.2400000e-01   7.4802732e-01   9.9186447e+05   5.3763994e+04
   3.2600000e-01   7.4815504e-01   9.9496886e+05   5.3763994e+04
   3.2800000e-01   7.4825162e-01   9.9689145e+05   5.3763994e+04
   3.3000000e-01   7.4832897e-01   9.9808040e+05   5.3763994e+04
   3.3200000e-01   7.4839444e-01   9.9881501e+05   5.3763994e+04
   3.3400000e-01   7.4845257e-01   9.9926865e+05   5.3763994e+04
   3.3600000e-01   7.4850618e-01   9.9954868e+05   5.3763994e+04
   3.3800000e-01   7.4855699e-01   9.9972152e+05   5.3763994e+04
   3.4000000e-01   7.4860608e-01   9.9982817e+05   5.3763994e+04
   3.4200000e-01   7.4865411e-01   9.9989398e+05   5.3763994e+04
   3.4400000e-01   7.4870148e-01   9.9993459e+05   5.3763994e+04
   3.4600000e-01   7.4874845e-01   9.9995964e+05   5.3763994e+04
   3.4800000e-01   7.4879517e-01   9.9997510e+05   5.3763994e+04
   3.5000000e-01   7.4884173e-01   9.9998464e+05   5.3763994e+04
   3.5200000e-01   7.4888820e-01   9.9999052e+05   5.3763994e+04
   3.5400000e-01   7.4893461e-01   9.9999415e+05   5.3763994e+04
   3.5600000e-01   7.4898098e-01   9.9999639e+05   5.3763994e+04
   3.5800000e-01   7.4902733e-01   9.9999777e+05   5.3763994e+04
   3.6000000e-01   7.4907367e-01   9.9999863e+05   5.3763994e+04
   3.6200000e-01   7.4912000e-01   9.9999915e+05   5.3763994e+04
   3.6400000e-01   7.4916632e-01   9.9999948e+05   5.3763994e+04
   3.6600000e-01   7.4921264e-01   9.9999968e+05   5.3763994e+04
   3.6800000e-01   7.4925896e-01   9.9999980e+05   5.3763994e+04
   3.7000000e-01   7.4930528e-01   9.9999988e+05   5.3763994e+04
   3.7200000e-01   7.4935159e-01   9.9999992e+05   5.3763994e+04
   3.7400000e-01   7.4939791e-01   9.9999995e+05   5.3763994e+04
   3.7600000e-01   7.4944422e-01   9.9999997e+05   5.3763994e+04
   3.7800000e-01   7.4949054e-01   9.9999998e+05   5.3763994e+04
   3.8000000e-01   7.4953685e-01   9.9999999e+05   5.3763994e+04
   3.8200000e-01   7.4958317e-01   9.9999999e+05   5.3763994e+04
   3.8400000e-01   7.4962948e-01   1.0000000e+06   5.3763994e+04
   3.8600000e-01   7.4967580e-01   1.0000000e+06   5.3763994e+04
   3.8800000e-01   7.4972211e-01   1.0000000e+06   5.3763994e+04
   3.9000000e-01   7.4976843e-01   1.0000000e+06   5.3763994e+04
   3.9200000e-01   7.4981474e-01   1.0000000e+06   5.3763994e+04
   3.9400000e-01   7.4986106e-01   1.0000000e+06   5.3763994e+04
   3.9600000e-01   7.4990737e-01   1.0000000e+06   5.3763994e+04
   3.9800000e-01   7.4995369e-01   1.0000000e+06   5.3763994e+04
   4.0000000e-01   7.5000000e-01   1.0000000e+06   5.3763994e+04
