   0.0000000e+00   0.0000000e+00   1.0000000e+06   8.9198483e+04
   2.0000000e-03   7.6910618e-05   1.0000000e+06   8.9198483e+04
   4.0000000e-03   1.5382124e-04   1.0000000e+06   8.9198483e+04
   6.0000000e-03   2.3073185e-04   1.0000000e+06   8.9198483e+04
   8.0000000e-03   3.0764247e-04   1.0000000e+06   8.9198483e+04
   1.0000000e-02   3.8455308e-04   1.0000000e+06   8.9198483e+04
   1.2000000e-02   4.6146370e-04   1.0000000e+06   8.9198483e+04
   1.4000000e-02   5.3837431e-04   1.0000000e+06   8.9198483e+04
   1.6000000e-02   6.1528491e-04   1.0000000e+06   8.9198483e+04
   1.8000000e-02   6.9219551e-04   1.0000000e+06   8.9198483e+04
   2.0000000e-02   7.6910609e-04   1.0000000e+06   8.9198483e+04
   2.2000000e-02   8.4601666e-04   9.9999999e+05   8.9198483e+04
   2.4000000e-02   9.2292718e-04   9.9999999e+05   8.9198483e+04
   2.6000000e-02   9.9983766e-04   9.9999999e+05   8.9198483e+04
   2.8000000e-02   1.0767480e-03   9.9999998e+05   8.9198483e+04
   3.0000000e-02   1.1536583e-03   9.9999996e+05   8.9198483e+04
   3.2000000e-02   1.2305683e-03   9.9999994e+05   8.9198483e+04
   3.4000000e-02   1.3074779e-03   9.9999990e+05   8.9198483e+04
   3.6000000e-02   1.3843868e-03   9.9999983e+05   8.9198483e+04
   3.8000000e-02   1.4612947e-03   9.9999973e+05   8.9198483e+04
   4.0000000e-02   1.5382010e-03   9.9999956e+05   8.9198483e+04
   4.2000000e-02   1.6151045e-03   9.9999928e+05   8.9198483e+04
   4.4000000e-02   1.6920036e-03   9.9999884e+05   8.9198483e+04
   4.6000000e-02   1.7688954e-03   9.9999811e+05   8.9198483e+04
   4.8000000e-02   1.8457756e-03   9.9999693e+05   8.9198483e+04
   5.0000000e-02   1.9226368e-03   9.9999502e+05   8.9198483e+04
   5.2000000e-02   1.9994671e-03   9.9999191e+05   8.9198483e+04
   5.4000000e-02   2.0762474e-03   9.9998685e+05   8.9198483e+04
   5.6000000e-02   2.1529463e-03   9.9997865e+05   8.9198483e+04
   5.8000000e-02   2.2295130e-03   9.9996533e+05   8.9198483e+04
   6.0000000e-02   2.3058653e-03   9.9994370e+05   8.9198483e+04
   6.2000000e-02   2.3818691e-03   9.9990857e+05   8.9198483e+04
   6.4000000e-02   2.4573071e-03   9.9985153e+05   8.9198483e+04
   6.6000000e-02   2.5318262e-03   9.9975890e+05   8.9198483e+04
   6.8000000e-02   2.6048533e-03   9.9960848e+05   8.9198483e+04
   7.0000000e-02   2.6754574e-03   9.9936427e+05   8.9198483e+04
   7.2000000e-02   2.7421272e-03   9.9896779e+05   8.9198483e+04
   7.4000000e-02   2.8024091e-03   9.9832426e+05   8.9198483e+04
   7.6000000e-02   2.8523204e-03   9.9728007e+05   8.9198483e+04
   7.8000000e-02   2.8853991e-03   9.9558667e+05   8.9198483e+04
   8.0000000e-02   2.8911654e-03   9.9284277e+05   8.9198483e+04
   8.2000000e-02   2.8526384e-03   9.8840289e+05   8.9198483e+04
   8.4000000e-02   2.7423413e-03   9.8123491e+05   8.9198483e+04
   8.6000000e-02   2.5159143e-03   9.6970480e+05   8.9198483e+04
   8.8000000e-02   2.1020021e-03   9.5126815e+05   8.9198483e+04
   9.0000000e-02   1.3865072e-03   9.2207736e+05   8.9198483e+04
   9.2000000e-02   1.8877924e-04   8.7662496e+05   8.9198483e+04
   9.4000000e-02  -1.7724692e-03   8.0784204e+05   8.9198483e+04
   9.6000000e-02  -4.9229090e-03   7.0855406e+05   8.9198483e+04
   9.8000000e-02  -9.8769951e-03   5.7545030e+05   8.9198483e+04
   1.0000000e-01  -1.7458455e-02   4.1552685e+05   8.9198483e+04
   1.0200000e-01  -2.5565781e-02   2.8916540e+05   8.9198483e+04
   1.0400000e-01  -3.1889763e-02   2.1457116e+05   8.9198483e+04
   1.0600000e-01  -3.6892036e-02   1.6706003e+05   8.9198483e+04
   1.0800000e-01  -4.0866627e-02   1.3516135e+05   8.9198483e+04
   1.1000000e-01  -4.4010945e-02   1.1295503e+05   8.9198483e+04
   1.1200000e-01  -4.6462417e-02   9.7131940e+04   8.9198483e+04
   1.1400000e-01  -4.8318965e-02   8.5718869e+04   8.9198483e+04
   1.1600000e-01  -4.9651222e-02   7.7467792e+04   8.9198483e+04
   1.1800000e-01  -5.0510248e-02   7.1536657e+04   8.9198483e+04
   1.2000000e-01  -5.0932750e-02   6.7311886e+04   8.9198483e+04
   1.2200000e-01  -5.0944874e-02   6.4315750e+04   8.9198483e+04
   1.2400000e-01  -5.0565161e-02   6.2174690e+04   8.9198483e+04
   1.2600000e-01  -4.9806862e-02   6.0614735e+04   8.9198483e+04
   1.2800000e-01  -4.8679629e-02   5.9449504e+04   8.9198483e+04
   1.3000000e-01  -4.7190676e-02   5.8557231e+04   8.9198483e+04
   1.3200000e-01  -4.5345523e-02   5.7858629e+04   8.9198483e+04
   1.3400000e-01  -4.3148494e-02   5.7301130e+04   8.9198483e+04
   1.3600000e-01  -4.0603039e-02   5.6848962e+04   8.9198483e+04
   1.3800000e-01  -3.7711956e-02   5.6477114e+04   8.9198483e+04
   1.4000000e-01  -3.4477547e-02   5.6167653e+04   8.9198483e+04
   1.4200000e-01  -3.0901727e-02   5.5907427e+04   8.9198483e+04
   1.4400000e-01  -2.6986106e-02   5.5686597e+04   8.9198483e+04
   1.4600000e-01  -2.2732050e-02   5.5497673e+04   8.9198483e+04
   1.4800000e-01  -1.8140730e-02   5.5334868e+04   8.9198483e+04
   1.5000000e-01  -1.3213152e-02   5.5193648e+04   8.9198483e+04
   1.5200000e-01  -7.9501904e-03   5.5070418e+04   8.9198483e+04
   1.5400000e-01  -2.3526080e-03   5.4962299e+04   8.9198483e+04
   1.5600000e-01   3.5789263e-03   5.4866962e+04   8.9198483e+04
   1.5800000e-01   9.8438224e-03   5.4782504e+04   8.9198483e+04
   1.6000000e-01   1.6441558e-02   5.4707364e+04   8.9198483e+04
   1.6200000e-01   2.3371667e-02   5.4640245e+04   8.9198483e+04
   1.6400000e-01   3.0633735e-02   5.4580068e+04   8.9198483e+04
   1.6600000e-01   3.8227389e-02   5.4525925e+04   8.9198483e+04
   1.6800000e-01   4.6152295e-02   5.4477053e+04   8.9198483e+04
   1.7000000e-01   5.4408150e-02   5.4432801e+04   8.9198483e+04
   1.7200000e-01   6.2994679e-02   5.4392617e+04   8.9198483e+04
   1.7400000e-01   7.1911635e-02   5.4356026e+04   8.9198483e+04
   1.7600000e-01   8.1158791e-02   5.4322621e+04   8.9198483e+04
   1.7800000e-01   9.0735939e-02   5.4292049e+04   8.9198483e+04
   1.8000000e-01   1.0064289e-01   5.4264005e+04   8.9198483e+04
   1.8200000e-01   1.1087947e-01   5.4238221e+04   8.9198483e+04
   1.8400000e-01   1.2144553e-01   5.4214467e+04   8.9198483e+04
   1.8600000e-01   1.3234091e-01   5.4192538e+04   8.9198483e+04
   1.8800000e-01   1.4356547e-01   5.4172255e+04   8.9198483e+04
   1.9000000e-01   1.5511910e-01   5.4153460e+04   8.9198483e+04
   1.9200000e-01   1.6700167e-01   5.4136013e+04   8.9198483e+04
   1.9400000e-01   1.7921309e-01   5.4119791e+04   8.9198483e+04
   1.9600000e-01   1.9175324e-01   5.4104684e+04   8.9198483e+04
   1.9800000e-01   2.0462203e-01   5.4090592e+04   8.9198483e+04
   2.0000000e-01   2.1781938e-01   5.4077429e+04   8.9198483e+04
   2.0200000e-01   2.3134521e-01   5.4065115e+04   8.9198483e+04
   2.0400000e-01   2.4519944e-01   5.4053581e+04   8.9198483e+04
   2.0600000e-01   2.5938199e-01   5.4042762e+04   8.9198483e+04
   2.0800000e-01   2.7389281e-01   5.4032602e+04   8.9198483e+04
   2.1000000e-01   2.8873183e-01   5.4023049e+04   8.9198483e+04
   2.1200000e-01   3.0389898e-01   5.4014055e+04   8.9198483e+04
   2.1400000e-01   3.1939422e-01   5.4005580e+04   8.9198483e+04
   2.1600000e-01   3.3521749e-01   5.3997583e+04   8.9198483e+04
   2.1800000e-01   3.5136874e-01   5.3990031e+04   8.9198483e+04
   2.2000000e-01   3.6784792e-01   5.3982891e+04   8.9198483e+04
   2.2200000e-01   3.8465500e-01   5.3976134e+04   8.9198483e+04
   2.2400000e-01   4.0178992e-01   5.3969734e+04   8.9198483e+04
   2.2600000e-01   4.1925265e-01   5.3963666e+04   8.9198483e+04
   2.2800000e-01   4.3704316e-01   5.3957907e+04   8.9198483e+04
   2.3000000e-01   4.5516140e-01   5.3952438e+04   8.9198483e+04
   2.3200000e-01   4.7360734e-01   5.3947239e+04   8.9198483e+04
   2.3400000e-01   4.9238096e-01   5.3942293e+04   8.9198483e+04
   2.3600000e-01   5.1148221e-01   5.3937585e+04   8.9198483e+04
   2.3800000e-01   5.3091107e-01   5.3933098e+04   8.9198483e+04
   2.4000000e-01   5.5066752e-01   5.3928820e+04   8.9198483e+04
   2.4200000e-01   5.7075152e-01   5.3924739e+04   8.9198483e+04
   2.4400000e-01   5.9116305e-01   5.3920841e+04   8.9198483e+04
   2.4600000e-01   6.1190209e-01   5.3917117e+04   8.9198483e+04
   2.4800000e-01   6.3296861e-01   5.3913557e+04   8.9198483e+04
   2.5000000e-01   6.5436260e-01   5.3910150e+04   8.9198483e+04
   2.5200000e-01   6.7608402e-01   5.3906889e+04   8.9198483e+04
   2.5400000e-01   6.9813287e-01   5.3903765e+04   8.9198483e+04
   2.5600000e-01   7.2050911e-01   5.3900771e+04   8.9198483e+04
   2.5800000e-01   7.4321274e-01   5.3897900e+04   8.9198483e+04
   2.6000000e-01   7.6624374e-01   5.3895145e+04   8.9198483e+04
   2.6200000e-01   7.8960208e-01   5.3892500e+04   8.9198483e+04
   2.6400000e-01   8.1328775e-01   5.3889959e+04   8.9198483e+04
   2.6600000e-01   8.3730074e-01   5.3887517e+04   8.9198483e+04
   2.6800000e-01   8.6164102e-01   5.3885169e+04   8.9198483e+04
   2.7000000e-01   8.8630860e-01   5.3882912e+04   8.9198483e+04
   2.7200000e-01   9.1130344e-01   5.3880742e+04   8.9198483e+04
   2.7400000e-01   9.3662555e-01   5.3878660e+04   8.9198483e+04
   2.7600000e-01   9.6227490e-01   5.3876674e+04   8.9198483e+04
   2.7800000e-01   9.8825148e-01   5.3874814e+04   8.9198483e+04
   2.8000000e-01   1.0145553e+00   5.3873175e+04   8.9198483e+04
   2.8200000e-01   1.0411863e+00   5.3872029e+04   8.9198483e+04
   2.8400000e-01   1.0681445e+00   5.3872172e+04   8.9198483e+04
   2.8600000e-01   1.0954299e+00   5.3875941e+04   8.9198483e+04
   2.8800000e-01   1.1230426e+00   5.3890257e+04   8.9198483e+04
   2.9000000e-01   1.1509826e+00   5.3935886e+04   8.9198483e+04
   2.9200000e-01   1.1792501e+00   5.4075869e+04   8.9198483e+04
   2.9400000e-01   1.2078462e+00   5.4503971e+04   8.9198483e+04
   2.9600000e-01   1.2367733e+00   5.5823323e+04   8.9198483e+04
   2.9800000e-01   1.2660398e+00   5.9936518e+04   8.9198483e+04
   3.0000000e-01   1.2956709e+00   7.2939372e+04   8.9198483e+04
   3.0200000e-01   1.3226561e+00   1.0792059e+05   8.9198483e+04
   3.0400000e-01   1.3441205e+00   1.7761082e+05   8.9198483e+04
   3.0600000e-01   1.3604955e+00   2.8661257e+05   8.9198483e+04
   3.0800000e-01   1.3724556e+00   4.2302722e+05   8.9198483e+04
   3.1000000e-01   1.3808450e+00   5.6397390e+05   8.9198483e+04
   3.1200000e-01   1.3865361e+00   6.8893627e+05   8.9198483e+04
   3.1400000e-01   1.3903021e+00   7.8775593e+05   8.9198483e+04
   3.1600000e-01   1.3927546e+00   8.5981263e+05   8.9198483e+04
   3.1800000e-01   1.3943395e+00   9.0950230e+05   8.9198483e+04
   3.2000000e-01   1.3953644e+00   9.4248968e+05   8.9198483e+04
   3.2200000e-01   1.3960333e+00   9.6383268e+05   8.9198483e+04
   3.2400000e-01   1.3964785e+00   9.7740807e+05   8.9198483e+04
   3.2600000e-01   1.3967838e+00   9.8594821e+05   8.9198483e+04
   3.2800000e-01   1.3970021e+00   9.9128343e+05   8.9198483e+04
   3.3000000e-01   1.3971666e+00   9.9460198e+05   8.9198483e+04
   3.3200000e-01   1.3972976e+00   9.9666056e+05   8.9198483e+04
   3.3400000e-01   1.3974079e+00   9.9793540e+05   8.9198483e+04
   3.3600000e-01   1.3975055e+00   9.9872408e+05   8.9198483e+04
   3.3800000e-01   1.3975952e+00   9.9921167e+05   8.9198483e+04
   3.4000000e-01   1.3976799e+00   9.9951301e+05   8.9198483e+04
   3.4200000e-01   1.3977617e+00   9.9969918e+05   8.9198483e+04
   3.4400000e-01   1.3978416e+00   9.9981420e+05   8.9198483e+04
   3.4600000e-01   1.3979204e+00   9.9988524e+05   8.9198483e+04
   3.4800000e-01   1.3979985e+00   9.9992912e+05   8.9198483e+04
   3.5000000e-01   1.3980761e+00   9.9995622e+05   8.9198483e+04
   3.5200000e-01   1.3981534e+00   9.9997296e+05   8.9198483e+04
   3.5400000e-01   1.3982306e+00   9.9998330e+05   8.9198483e+04
   3.5600000e-01   1.3983077e+00   9.9998969e+05   8.9198483e+04
   3.5800000e-01   1.3983847e+00   9.9999363e+05   8.9198483e+04
   3.6000000e-01   1.3984617e+00   9.9999607e+05   8.9198483e+04
   3.6200000e-01   1.3985386e+00   9.9999757e+05   8.9198483e+04
   3.6400000e-01   1.3986156e+00   9.9999850e+05   8.9198483e+04
   3.6600000e-01   1.3986925e+00   9.9999907e+05   8.9198483e+04
   3.6800000e-01   1.3987694e+00   9.9999943e+05   8.9198483e+04
   3.7000000e-01   1.3988463e+00   9.9999965e+05   8.9198483e+04
   3.7200000e-01   1.3989232e+00   9.9999978e+05   8.9198483e+04
   3.7400000e-01   1.3990002e+00   9.9999987e+05   8.9198483e+04
   3.7600000e-01   1.3990771e+00   9.9999992e+05   8.9198483e+04
   3.7800000e-01   1.3991540e+00   9.9999995e+05   8.9198483e+04
   3.8000000e-01   1.3992309e+00   9.9999997e+05   8.9198483e+04
   3.8200000e-01   1.3993078e+00   9.9999998e+05   8.9198483e+04
   3.8400000e-01   1.3993847e+00   9.9999999e+05   8.9198483e+04
   3.8600000e-01   1.3994616e+00   9.9999999e+05   8.9198483e+04
   3.8800000e-01   1.3995385e+00   1.0000000e+06   8.9198483e+04
   3.9000000e-01   1.3996154e+00   1.0000000e+06   8.9198483e+04
   3.9200000e-01   1.3996924e+00   1.0000000e+06   8.9198483e+04
   3.9400000e-01   1.3997693e+00   1.0000000e+06   8.9198483e+04
   3.9600000e-01   1.3998462e+00   1.0000000e+06   8.9198483e+04
   3.9800000e-01   1.3999231e+00   1.0000000e+06   8.9198483e+04
   4.0000000e-01   1.4000000e+00   1.0000000e+06   8.9198483e+04
