 0.0000000 1000000.8682952
 0.0040000 1000007.5347587
 0.0080000 1000008.8382342
 0.0120000 1000027.2352378
 0.0160000 1000031.5717617
 0.0200000 999967.9209769
 0.0240000 999954.0801294
 0.0280000 999982.1915058
 0.0320000 999938.0108609
 0.0360000 999978.3726064
 0.0400000 999924.8810242
 0.0440000 999520.8283338
 0.0480000 999744.8779907
 0.0520000 999294.9505264
 0.0560000 1000314.8813087
 0.0600000 1000256.3039203
 0.0640000 999768.7845002
 0.0680000 1001709.7816003
 0.0720000 1004097.6378331
 0.0760000 994552.9928598
 0.0800000 983478.4163830
 0.0840000 979197.4265208
 0.0880000 934316.2652591
 0.0920000 844181.6452071
 0.0960000 683929.2466433
 0.1000000 397545.4480005
 0.1040000 177437.0356366
 0.1080000 130642.2794316
 0.1120000 79647.1191393
 0.1160000 53412.2333110
 0.1200000 48750.7665129
 0.1240000 38731.5286514
 0.1253333 41351.0443218
 0.1266667 16142.8565660
 0.1280000 40944.4812026
 0.1293333 26701.6529593
 0.1306667 35787.2269149
 0.1320000 20066.8093587
 0.1333333 21679.2548799
 0.1346667 15832.0306402
 0.1360000 15754.6752309
 0.1373333 18256.0636329
 0.1386667 22644.9578280
 0.1400000 23982.3710020
 0.1413333 23568.6993230
 0.1426667 24847.9547913
 0.1440000 25579.7253707
 0.1453333 25371.2003822
 0.1466667 24296.8150936
 0.1480000 21988.0345519
 0.1493333 20568.9407346
 0.1506667 18448.2629880
 0.1520000 16252.0037140
 0.1533333 14971.1614670
 0.1546667 13317.7797853
 0.1560000 11609.3955048
 0.1573333 10915.8406959
 0.1586667 9901.0089349
 0.1600000 8854.1368001
 0.1613333 8725.8960130
 0.1626667 8206.8194175
 0.1640000 7615.5588457
 0.1653333 7838.2350213
 0.1666667 7616.0473097
 0.1680000 7304.4425294
 0.1693333 7745.4670185
 0.1706667 7718.8458614
 0.1720000 7574.1151915
 0.1733333 8160.9490914
 0.1746667 8256.1870984
 0.1760000 8216.8709288
 0.1773333 8902.3797061
 0.1786667 9073.3877779
 0.1800000 9091.4236654
 0.1813333 9833.2196373
 0.1826667 10038.4295844
 0.1840000 10068.9265120
 0.1853333 10829.9172701
 0.1866667 11030.9100046
 0.1880000 11032.6908095
 0.1893333 11778.2405744
 0.1906667 11938.7784004
 0.1920000 11874.6997445
 0.1933333 12572.9535280
 0.1946667 12660.3931470
 0.1960000 12496.4606770
 0.1973333 13118.2240101
 0.1986667 13102.5171892
 0.2000000 12807.4430601
 0.2040000 19164.4530277
 0.2080000 -4261.5669457
 0.2120000 11267.7563028
 0.2160000 3951.5885534
 0.2200000 10598.6094005
 0.2240000 212.9148698
 0.2280000 17961.1721175
 0.2320000 25053.1880557
 0.2360000 10396.6436816
 0.2400000 7593.0426684
 0.2440000 8393.0382265
 0.2480000 6912.5954204
 0.2520000 5585.1494754
 0.2560000 6267.5604010
 0.2600000 5977.8680718
 0.2640000 5874.8572299
 0.2680000 6761.6855734
 0.2720000 6993.4643773
 0.2760000 7359.7569153
 0.2800000 7677.6793417
 0.2840000 7928.2843517
 0.2880000 8073.8706023
 0.2920000 8139.6598573
 0.2960000 8200.3570141
 0.3000000 8141.7830567
 0.3040000 8037.7165228
 0.3080000 7892.1222706
 0.3120000 7724.5601034
 0.3160000 7523.2959293
 0.3200000 7314.0948259
 0.3240000 7106.2711635
 0.3280000 6904.4217221
 0.3320000 6729.5243064
 0.3360000 6582.0983313
 0.3400000 6480.9141379
 0.3440000 6427.5843951
 0.3480000 6434.6522385
 0.3520000 6508.8961743
 0.3560000 6649.6228597
 0.3600000 6861.9434660
 0.3640000 7141.2661453
 0.3680000 7482.4687218
 0.3720000 7875.4671929
 0.3760000 8305.7517546
 0.3800000 8757.0430057
 0.3840000 9207.2166293
 0.3880000 9633.5292664
 0.3920000 10007.0197642
 0.3960000 10303.9195541
 0.4000000 10495.1634583
 0.4040000 10556.3302124
 0.4080000 10466.8151704
 0.4120000 10211.4036271
 0.4160000 9782.3475012
 0.4200000 9180.2202218
 0.4240000 8419.2343163
 0.4280000 7523.0694957
 0.4320000 6526.8312803
 0.4360000 5478.0527384
 0.4400000 4433.9483908
 0.4440000 3460.0766874
 0.4480000 2623.4468323
 0.4520000 1991.6808321
 0.4560000 1629.5266667
 0.4600000 1589.3131608
 0.4640000 1907.4396117
 0.4680000 2602.3819682
 0.4720000 3667.9409136
 0.4760000 5074.0565098
 0.4800000 6763.8434260
 0.4840000 8656.3182032
 0.4880000 10649.3816754
 0.4920000 12624.4850244
 0.4960000 14453.5932551
 0.5000000 16007.9856125
 0.5040000 17165.4066702
 0.5080000 17817.8568439
 0.5120000 17882.8072360
 0.5160000 17307.5767598
 0.5200000 16074.7434288
 0.5240000 14207.8759525
 0.5280000 11771.3900782
 0.5320000 8868.8764671
 0.5360000 5639.8451280
 0.5400000 2255.9409902
 0.5440000 -1089.2436637
 0.5480000 -4189.3886298
 0.5520000 -6835.9030188
 0.5560000 -8829.8472204
 0.5600000 -9992.1431889
 0.5640000 -10179.1167350
 0.5680000 -9290.7539485
 0.5720000 -7278.8534560
 0.5760000 -4158.5159724
 0.5800000 -11.3845087
 0.5840000 5010.1429611
 0.5880000 10682.6523075
 0.5920000 16714.3849989
 0.5960000 22749.6257217
 0.6000000 28375.9094811
 0.6040000 33136.8218746
 0.6080000 36546.4869796
 0.6120000 38099.7325596
 0.6160000 37294.5558333
 0.6200000 33651.0374913
 0.6240000 26727.1149074
 0.6280000 16146.3601583
 0.6320000 1615.7558352
 0.6360000 -17055.9458713
 0.6400000 -39935.6829657
 0.6440000 -66940.5863004
 0.6453333 8766.5816250
 0.6466667 8880.5680685
 0.6480000 29018.5386645
 0.6493333 12816.6553272
 0.6506667 5118.7969773
 0.6520000 7481.6202070
 0.6533333 30676.0978682
 0.6546667 16518.3101303
 0.6560000 4910.1219807
 0.6573333 20173.7379498
 0.6586667 11286.9338512
 0.6600000 8277.6377434
 0.6613333 7317.1397724
 0.6626667 -2856.3066735
 0.6640000 -5564.0457884
 0.6653333 -11131.8869581
 0.6666667 -12600.7099789
 0.6680000 -13738.6521634
 0.6693333 -15774.1472659
 0.6706667 -16091.4481447
 0.6720000 -15765.8421647
 0.6733333 -15743.3084798
 0.6746667 -14043.2867715
 0.6760000 -11309.8633525
 0.6773333 -9161.6041379
 0.6786667 -4954.6222689
 0.6800000 862.1945294
 0.6813333 5600.1868485
 0.6826667 13217.3737828
 0.6840000 22640.3749742
 0.6853333 30431.8096667
 0.6866667 42014.5775079
 0.6880000 56003.2392355
 0.6893333 66378.1664064
 0.6906667 82518.6565770
 0.6920000 102150.1113148
 0.6933333 112609.0012062
 0.6946667 133651.2655468
 0.6960000 160506.2746364
 0.6973333 162692.3302394
 0.6986667 188274.9493646
 0.7000000 225776.0305265
 0.7013333 347268.6529292
 0.7026667 409188.1319348
 0.7040000 450817.6952700
 0.7053333 635133.4951234
 0.7066667 712172.5320872
 0.7080000 744128.7676292
 0.7093333 830893.1099584
 0.7106667 875487.4845144
 0.7120000 891155.4092993
 0.7133333 926524.4745117
 0.7146667 946137.7108245
 0.7160000 948611.9149032
 0.7173333 962934.0721168
 0.7186667 968754.1996876
 0.7200000 969270.8190684
 0.7240000 994202.2314217
 0.7280000 999504.7773200
 0.7320000 1024971.0162870
 0.7360000 1016070.4401415
 0.7400000 1002371.7625576
 0.7440000 985063.2822678
 0.7480000 992089.1541607
 0.7520000 997847.8178923
 0.7560000 1002736.9351281
 0.7600000 997306.4578321
 0.7640000 999377.3988962
 0.7680000 1002295.6526647
 0.7720000 1001487.4019155
 0.7760000 1001670.9687863
 0.7800000 1000585.7430032
 0.7840000 1000118.5310640
 0.7880000 999853.5797166
 0.7920000 999413.8849072
 0.7960000 999586.7979918
 0.8000000 999716.5149032
